8806
7006890
6040500
8790510
70261
1088011
5010502
9004501
83200
929405
8009577
4202001
6040010
9804230
22308
409908
2305880
107458
2030609
400027
406094
870046
409001
8098742
59000
4
5090020
100100
60291
3640
704050
7360037
95000
8087060
6000002
50040
8045900
86
12
1700000
704340
4000904
7207509
905000
700359
670316
7500840
603098
3990000
9000600
8000303
5000306
6046
335444
5040000
408000
404007
4078
7090005
5801090
7900971
50
6030
1687930
75209
840000
1
8964088
290756
39950
89
5900301
2007007
4000
4004507
3900083
7664000
6720303
402907
9452050
9010900
7903020
590009
335010
670500
7005733
1607000
425109
80100
7042709
40009
61070
405050
236305
0
9009000
800000
5007700
389040
7802270
4002503
8400400
10006
706307
200624
4705094
9
8350400
2000005
10
1006034
8000004
880948
9050170
5809100
6300
751700
2090051
7200808
2107207
809008
819800
84655
8700007
7000094
205403
2067000
8000465
200000
9509001
4009003
30060
7600024
862660
4087010
5102840
2170030
5305
3372020
6600000
210003
7105600
3360000
90
4009887
1051920
1009
9005870
340600
8746120
4054001
276800
810180
904
9673130
5009030
2472809
300
50762
62000
9006083
27000
3300060
7200951
410630
3089001
6202041
122050
3712031
9000803
180015
808556
406300
5706000
505108
80066
2000704
30000
91715
13320
8900400
9000203
5110000
619904
600
508
13008
6060000
980000
565420
523093
2440309
2346000
60430
850846
6040004
270080
422
9504006
901098
6004009
900504
800070
232500
2006
426390
7330800
2000
66008
770400
8007300
6430700
100000
1100000
97073
80008
73063
2881
476891
9640307
90088
44050
8198
866000
4068
6
730662
2203577
1158000
343350
9600
3000036
2004081
6500006
400008
605800
1052748
5003407
350070
9098
560130
2088900
796900
1660000
5008203
300069
340
798004
3603030
309097
3002011
5085104
5008020
5040809
1760200
8070000
600006
4000962
6065
50087
9327700
6009000
120320
9000000
608095
2
9020301
9000075
3100470
9076010
8403006
22000
6318203
8600039
3027070
9660067
600000
900642
949008
7005000
38069
201105
540020
107507
3909002
270100
760805
970614
8550510
6306030
400
9305401
6008030
1020020
400805
6802004
7370005
100020
281
280
203230
100947
54004
1000000
8800306
5100
7010011
7125002
43904
53138
2000020
8690603
42
4708001
9300070
3075
7000500
300070
10630
20402
705
20
800
49060
6609000
60011
9400508
2114092
150617
6307902
3109409
3900000
66506
1693
3
3000400
1090218
40400
529874
2270838
60051
766100
2070005
1098040
300000
71409
90634
5708300
2706905
304060
3065080
8600790
6100008
903500
8008907
5770500
3900408
911200
8000050
9000088
1095100
7800
3800
7020001
7700019
400092
100005
9352007
2308760
231910
700020
8003063
1090090
940060
2900
6030567
108498
7430040
8073200
7200008
2300072
4135010
2050618
760
7707000
1008754
48
7104707
7110004
671
700424
6800025
2700400
3400804
300900
460500
4080940
90342
8020588
390000
970468
3006302
516001
20400
900560
6550045
8810009
5030
5600055
3300020
603103
3000100
9010009
6000044
53700
8007850
9488740
8010000
5000220
5660054
800746
603300
9106
690843
1607360
108075
2006657
238700
6040530
460
2250029
1100005
700600
3378140
800600
7008400
843005
9940136
170007
9011484
3000000
62002
3501610
9850
5000000
1798047
60879
403000
1040
50404
577001
848070
8000300
70065
4047000
5009009
8090407
46
63070
300575
240
8050020
7000
604103
860600
900000
9703420
3200
6000
80020
9024208
429004
900050
8001090
1600609
2260190
3053
7200700
8500098
5300040
7070000
808
154008
3060440
1000
540079
400000
100019
1047007
1430600
9006780
50630
530
2007520
200302
4570807
4007340
3009003
4010
2409408
7952770
300009
310015
1026000
709072
88004
6090021
8100800
1650564
2910100
402000
80319
5410071
5550009
300571
8700300
5040066
2300
1200083
700160
5030700
9817019
3047806
9600050
8000400
4986510
400600
50707
5001070
7601770
900170
202200
700050
870290
52205
5056055
5001050
8400000
226032
1070
150002
9092260
5010
2002930
21807
46001
1300390
20000
5000042
5700149
6000000
190200
700090
108
51217
60000
695040
8006100
80300
4043000
18000
4032200
5708002
1363050
500001
1800718
80056
60147
3903070
26003
6987800
2009880
724020
203512
1600090
737906
509049
784979
2430001
803002
619000
6901030
5800
3020047
4904003
46000
1800008
306100
8050130
4264075
40952
7204000
301000
203007
7304000
6708638
2902
2559030
20607
500550
90500
187
300087
8
8020700
4030
2001901
9040030
5950
630000
4008050
1676000
63009
804001
40000
230000
66015
2000040
34094
7004308
2600200
20002
359255
627070
8409
390800
8900000
5823070
10740
606692
1200000
90101
8808430
5060030
506
3146630
100798
70072
220
2004003
700390
6749000
2004
5003430
8590090
316204
582306
3500
19040
5000017
5360601
8032080
9870009
8078036
9000207
7070206
7302010
9001409
2407000
400100
90227
3109
549308
9603
2008051
603002
650708
606601
340005
7220045
309002
8562500
81305
590
8908072
660830
4040000
3160792
70040
8378023
670400
63000
7804004
539030
3068020
5970977
5005020
8004000
5200230
9009062
15743
1324100
33100
753900
580600
505902
540
8004500
8006000
377000
910700
60920
9000081
8011544
540973
6005300
71330
6000010
5091514
6067
1002043
3202100
390130
206140
127604
2000000
40615
500020
891003
8057480
4909106
5689086
493004
900090
2000018
5000006
7166206
1308070
572000
3090180
940760
83990
3369206
329207
100034
4000100
5090060
8003550
4000899
2007000
8040400
5000
700230
5102700
50110
88402
8515048
449060
1204000
320738
569002
5226807
412
6106500
4300080
6020030
8065511
800490
120
809838
1103900
2006002
310009
1802080
1909736
300800
740040
90200
8402
45609
9000072
2701000
7000202
4005161
9208000
1380800
8001
7300080
8623038
986200
1209003
80920
400900
7000701
7508080
3600940
503000
7000802
4052028
1004004
90909
80602
4082500
9400827
3218000
4001008
6030152
6570000
85014
536030
280050
500
10980
748
736030
7407490
4300
4032007
1197007
700218
2185104
9062106
5834006
671602
5010009
6540500
4904
2400090
9605
7000850
888070
1706007
5
338000
9705009
8090905
9371060
500000
2104200
6100009
5400810
5263097
7089327
974000
9984006
742001
4008822
209292
3002098
1005205
90003
404002
5000276
80000
290706
200840
1963000
9789000
307000
600500
14010
6552022
2053
3070010
600008
30300
190040
30304
130007
9200000
8040280
9700770
4660300
1390796
700887
1960070
7160976
3300000
141109
103200
7409043
4007
909060
640406
120020
3090078
24690
4080000
3033005
6269000
900
1200934
703000
8000086
141003
40
3000076
304467
9089705
940000
6599
1000004
3039651
200500
400730
1801
7050600
8200
620584
9098803
3200555
870300
2045
3006246
5300000
643012
4080008
7233650
4754740
7000000
5705056
66014
2700
35070
991730
355406
27062
9050552
8080000
3609055
2060100
40990
108038
321119
3520501
7500000
9007000
50105
253036
4080007
630130
825080
401004
9200741
3406550
6457030
40070
740020
87901
5700300
200900
863008
8009090
1007500
3003274
90907
70900
2810905
5166500
8000868
204018
2001005
7010580
5900095
5002930
310800
508100
300420
3020
20090
770457
57878
454011
9070
801002
157930
3020404
100059
935041
478000
7000003
58160
60373
6028
3010000
460030
7547204
27020
4400044
6900707
5008070
75040
902630
7700308
559062
4017040
2000008
904042
7060960
583
3206500
25030
1160020
5672703
4058322
900507
790950
7402610
870008
4080180
390080
5591000
85339
508040
3662080
2004859
5000040
5638202
10660
1110500
6746880
9703018
6707100
6610904
9960000
1300260
7000860
5407002
6506533
2002040
4055
4160790
510000
4020401
3608116
76420
27831
7607040
810074
4867010
3035500
3004607
28
400560
9530000
3000897
6140961
1000034
8059000
9006000
6500963
83550
2002730
1096904
7300
180600
9498003
4100
500054
9000114
100626
1000064
9400150
6869400
4090005
409612
35006
2947690
435001
902050
28702
3015570
186000
7075290
8706010
1105668
2000309
1068000
84990
8300533
7508082
2703
339203
2010400
6700020
5500400
60860
5089
70004
100006
870017
600470
83011
5000510
4054703
2630549
815304
9001600
2040196
8005900
7860000
8700609
1006090
9500
700
6400
49900
5000502
304403
1935780
9006703
7100870
4431950
1889
1130815
2100742
940
31000
2270000
6020600
601100
601012
2550018
6100095
5020993
1580300
1059339
1060523
3200001
200001
530205
70000
349089
71100
2080520
2505076
4090530
107044
8369904
5300030
4301005
3007807
1800
5170000
1600034
3810850
1330040
7300000
1008080
3050090
430082
25
7000001
54010
634040
7205062
22060
210400
730005
65063
58083
620730
631006
7010000
5005080
9016004
900010
4020000
8785020
3998060
6905400
9200034
408900
700030
800906
3410007
4064007
3090608
1020400
7000450
630470
3400000
9550900
831813
5500110
6120070
2500050
754260
470600
41070
89009
8309402
6006150
830700
580007
4304300
1700654
1000008
6990057
770074
9000100
7018006
945000
2071890
7008000
3004204
5800677
808000
3000360
9800790
50400
178
8953045
2702090
6045
300052
9160080
70150
922273
10049
6989506
49053
50907
4004809
4700000
700006
6600001
4008300
3501010
2970000
3002078
9209901
72010
2400
3014006
325
120004
5502
8130
750904
2600
6000060
4736
3100
8050000
920
7800558
6000690
3037059
5404000
201803
170665
4080030
79500
7056000
68060
9090930
9204030
9803000
60010
49880
5690600
203079
160090
7802215
5004500
5070004
2470020
697036
7060
5034
2000100
280068
1007009
300203
906000
23074
1002002
7002690
5050000
539002
790900
100007
5108020
20355
7710004
5052000
9300500
4168200
4000080
3800900
70009
4020040
7907307
4900
3300100
700000
6609830
7060000
119600
7309010
8349600
4100403
5000060
8008970
8100107
9310720
7675008
3390060
7480600
720050
7000007
8808001
851000
1020701
5001160
4776230
8770560
570890
434605
860090
11
2020
7000820
720705
77009
9380616
487570
2008400
6974980
6801
20303
249000
3240004
102407
7004
4804040
1800801
747900
6904444
300780
100033
44790
2100
6805509
2018875
2108007
9000
8008965
32000
700780
4003971
7031909
60738
4003960
700916
9523900
10000
9000150
27403
700701
1023654
6050000
340800
306722
3072080
774080
600460
2853090
4400820
1190002
960000
6500008
717089
700700
5316709
9000027
100080
4063009
9009
8027000
943100
3096000
810040
6902000
84007
5005070
4600090
1000087
8582806
3000550
400803
4902420
6008034
8632000
2907506
60005
2066457
3030100
8500640
8400019
3008260
3920010
709
5930000
9409058
43001
7007003
850009
207036
20700
470070
6039208
8369690
3000033
2010057
902080
2794000
7043840
6465089
906051
9320539
3100210
7030076
6405033
7860
1100018
1070202
5800090
400370
776090
2506600
5055050
1831030
132600
4150060
405907
1906005
5800000
99008
6060198
11000
669700
5030000
58000
47340
30001
1150100
2600960
109036
503700
8896809
600866
579007
8000000
306039
5207000
3487080
56109
9733003
5800800
8054322
908
30964
7000767
22272
2578400
5300039
920040
5090000
607
5980074
490400
6400239
6090490
801060
4665300
2160671
7600426
9485900
6790000
4005700
780500
1106300
90801
982940
3403021
4009956
700400
4731200
3296004
505061
1006497
1000861
9410600
2035519
6060
470005
9205008
870
1600003
631432
383007
76800
5306
2405000
3130400
89001
8960227
180797
32010
602510
83500
99
505
2063
1890005
4620003
1080445
1005920
20600
3506000
77040
805
890
7030
3320805
973805
3040000
1400872
600508
900002
910006
5100007
9048167
3000020
9000065
96080
7270092
1020000
990010
840
1069000
213677
3030041
370425
500908
291071
90040
7000303
835000
9104840
2001900
9900873
290650
4608
6000493
8009
8180105
895
520070
10033
3510993
60055
600707
8010105
9609342
7317040
2630008
400002
900099
1001003
110030
7009040
580000
951018
911000
88662
3520805
220063
36900
1009078
9034420
7000803
8000020
9000708
320098
3000003
705024
800190
3307400
7274103
23000
970082
2050576
5000010
1002080
107561
5097480
8305050
5089301
156505
47714
3000500
2090040
1730007
110006
3394002
5400087
4003980
770716
507060
5004080
48300
3010
14200
501000
309830
9006870
2039400
2068
804080
4035093
4000040
6840074
30009
75
239198
8306100
2001
6005402
5900000
3900087
2980070
930001
800365
603451
490006
1109000
7044007
590000
5000050
2750000
5000070
1000058
50090
6201160
4787029
600220
207200
1700030
400091
756002
8491160
6080150
4752000
5300703
190005
72023
290000
300427
1570
10816
6190
922
3751
1036052
843250
403700
4043050
200070
4266040
202604
3091900
420360
7001002
3009800
8004
968000
506204
7300400
6807270
70500
3020900
9029004
8300950
339300
7060701
6100
5230005
92
775080
2015
7090030
402007
109
250
4002
750409
22010
8088071
90557
6400000
2500901
7081200
4363029
74761
4702606
1306000
3066000
395428
705200
224361
910160
6025824
5100867
5021053
5100490
50471
60006
60
2330064
206600
5017309
30600
4760300
39600
4000070
50968
9400320
23
6130245
710607
4207809
5005957
2700006
305
80002
45000
6083012
2070340
6700026
109809
3020020
30022
701021
37001
5008
700604
5002905
5102092
3500071
500500
39000
1006080
4003000
820400
3278003
182
900006
46206
909
880140
9109010
8000957
5094160
2638800
270613
4010000
235405
4344000
7066722
7605093
200600
400316
8078300
3002
3601005
93750
600661
4602000
7204002
700002
360
72409
9420100
289500
4419075
3000001
9401
4770
62060
320620
9024970
502900
7936600
18704
4500403
5000570
9000062
304005
4010005
900030
265310
6005053
6907701
8102
9009099
736
9231093
1020001
6006000
6351000
6083500
300001
539409
82
72900
3807270
4002506
2410
110980
6880646
5360
506000
4010800
20900
5505840
2369200
4900300
7203001
900014
5000200
108403
1206708
200674
5000018
5700640
800573
7000010
989700
30037
3366050
83003
490000
1306107
6103004
2901106
1800130
2706200
520007
21
1570028
769040
303010
702040
7810012
2969700
4058004
9080
990030
4040058
7099302
9094009
8090720
800032
3808470
950
9073516
1090804
330900
1000003
696040
720100
3005
6950409
4030000
700088
4122000
7
1002039
8000900
3920
500804
2460024
509099
406000
2040093
250210
898770
4080096
4050414
4042250
6001009
7000073
9000070
606
4019000
7001000
3036040
60001
1116800
58462
7400311
690008
3007380
9020398
300090
2070540
3101590
5000087
100
2044805
32852
909204
963000
285007
4407800
1000030
4640000
936102
3000600
810000
3796
30
4623
7043038
5802024
1004103
60704
830901
9000453
4030001
5606064
82100
190003
7804070
9607051
829074
9076867
7050073
4700707
300082
809090
214470
9500172
30230
667008
84200
1559606
6070005
400009
4000060
6180730
490103
3606733
522734
4079507
7028333
8010700
7090606
5094000
908009
9053
16268
500609
2984
3950600
2260403
6903000
460300
5020
1070090
600007
4200015
6010
771800
4650210
1530
801004
8010400
9907000
5905100
7620900
400977
7302000
20012
6060893
4002078
1086600
4001200
700501
9806683
2601200
5325
780370
9966080
9059009
86530
3000019
480969
907025
6307010
9040100
1506008
9226409
4077907
420200
7070105
21900
8000099
375002
47091
8331075
4006475
1021703
508010
5010000
86025
5480072
8380406
6574041
72000
17000
1020009
7900462
940710
2190000
605530
40040
173000
8000326
2050360
1507786
3040804
770308
2803000
8502206
9064330
752990
1250030
550100
700507
2000028
9050300
9650670
50160
1800078
101700
6704002
4000077
5075100
8870000
2000069
9890380
100778
408080
4570662
2000197
6283
966552
600410
5700090
5206880
3071990
502000
209804
1600730
5200
6510596
4042805
1664046
7049000
997208
2040050
6714420
3000073
4087000
7408709
220009
23020
1001093
1590080
7050
9850080
6450050
4806843
90011
1004300
2874000
1070000
508542
5000022
4000339
260048
8001800
9000045
970814
103310
8141000
6309001
7206269
1080000
71
73
8651
660
600825
7810200
9000049
2851007
6800001
2009
460090
1502
400500
4080
6001591
6040060
701100
3094010
2050002
5522606
404035
405725
2507004
48906
9045031
2469
830029
506808
9407000
908039
1067101
12054
132000
5013090
459727
9000348
7840956
4600620
715600
32030
500300
100316
5400749
90000
1040350
6403050
8170500
9000026
5710000
5400602
63260
2053006
7009060
785
9102650
904000
600060
446400
16904
5606407
9023660
3700770
8051202
1010120
4082004
5302070
7236
1098400
5690306
7509005
500639
180029
3020133
903040
4006035
6009160
5060705
907000
480805
500040
1923
2000060
9008090
704509
19764
8010500
5016000
4708000
6008081
3106000
4309100
1023
3499860
478090
66700
626080
179007
900806
1000050
50000
8003320
8507002
9000035
6207807
52034
9000900
14264
2220759
101042
7911
909103
816090
4073072
3060500
7911006
600400
1052004
2796
1427100
3536000
9070008
2700700
1900055
5600
1065220
2520000
563000
4018000
9008800
4007714
4001032
865190
4305098
288757
1500
12800
9380042
7020
199300
780099
3529408
8090500
8000091
8900018
595900
8603007
75208
5947705
3664400
660800
842050
1270001
4847020
4693010
440006
605
3776020
901200
9200
900078
640000
70007
8070144
604500
588009
8040000
9000085
406310
874000
230061
9005
5027370
5020019
3080020
136850
60580
3720608
3002700
2054730
5000096
34090
2000909
6504202
107615
2010628
7001450
780028
5000030
160
2870200
8005008
600050
308008
1074790
3208620
916704
203020
620
70205
200002
2807021
5400608
69340
760200
8068603
3907006
9000193
800202
800970
7215508
6002923
860099
7009700
60504
1080020
2780
109200
5308760
610540
5175000
271070
310000
1000555
4070380
930005
500501
2002000
220059
910600
68320
806800
1039
860040
607570
8400820
1603020
21206
700100
1040608
681700
8960000
544000
1459906
620984
405606
3004006
5068970
75860
7803268
36
770060
401465
926003
3900040
4600
9008440
4714033
3009400
8011
6006008
1300200
18500
3701080
6300400
4001009
69905
36700
3099
601230
10075
10706
99028
300020
24
6680003
104004
221009
908020
672000
9505000
8006007
8040006
54830
67080
5001620
309802
40002
4803892
7420079
866400
35009
800016
4776030
9346020
3510850
6601140
8020040
5820071
78000
700009
5600040
9027805
4050000
908006
8084062
1020010
6040458
6920800
97813
5005029
8200600
907005
7600600
9773000
2070109
1496005
5090007
3616009
6320050
6876000
9587690
12080
2000092
325039
6706309
3009702
3137
90033
8000001
2250
1300080
6074405
201490
40106
600014
900690
51010
4250060
105070
103306
3064900
8110050
230020
1002100
6900005
37074
7700190
340051
1210193
700900
157355
40600
3099405
905901
209600
30038
30058
7634
3476570
406800
245823
840400
7011800
80530
41050
9200060
6090080
866807
6080044
1030599
9930200
1749071
7501878
8000580
4000000
8000500
1000341
35739
2809000
8015501
43
5710950
340630
1008902
9100008
50100
601300
809363
2500053
3998
340420
79
5092161
560180
1361008
5070100
1527000
8700003
50020
2731900
2467
2060532
5000170
2060526
8007050
40160
2900402
1055800
5688101
609280
92000
270000
6008606
1000180
3005504
4100057
1010000
8180300
9007050
9090300
8620
2801870
380
6060808
3709307
7185013
802200
5058
90020
6090005
5300004
760080
630060
1009009
6706950
30560
3074188
21707
7441180
900700
65
9607502
7601007
903030
4021600
3501690
4540292
80279
2030002
8387
4120250
545760
267348
780
3900320
8259330
6200710
44000
533000
70160
200820
9066020
18008
208040
5740050
5060060
7004030
2197000
1220460
5930
21705
7408005
740853
5060
300007
6000082
35
2008000
2320002
2690503
1009007
9005150
270020
80400
353710
3812000
513002
602476
291200
9820010
560003
229008
6058000
4067
60400
40023
5500007
1000001
7400
5010040
8500804
109058
10010
5500045
280070
5001805
66320
909011
9950
65361
906206
7000730
558301
7820075
6053006
8100141
9370041
7306
8060601
607000
6374090
4004046
923060
2884
210
54000
90519
2200
81
9006318
6590538
10020
9006001
203
600530
59030
7387500
154000
705040
959003
8600600
930
8030620
800501
676030
920000
6000432
308308
900202
3034000
730000
209960
1116008
957039
890808
240034
9004098
1507
9809
4820605
3600560
2170499
606205
6006957
2523100
900077
29840
8000060
9690980
4950
837020
50005
104800
9140001
3008000
70802
4700952
5006400
6576902
5000904
190942
5045560
58002
194242
20800
9080864
578007
7080079
765004
106
1006
258961
460120
1500000
6880040
8250521
23060
105191
9370010
6065241
9923010
920080
6000037
20008
3994025
8402803
58050
7203051
1740909
2129000
6000490
1050005
10090
1406200
7000210
6008000
7100200
80045
3005250
79052
70006
50050
4005110
700059
27324
7258006
2000109
30054
494
30240
1630091
4108
1100467
208000
374000
4375700
33790
2057001
628006
8654080
8030001
100200
25080
800109
8006001
813004
1022938
12010
5000075
687068
5003600
4050538
28535
870889
9040
4000280
3508960
9000023
7800330
700810
1009000
5400409
200050
5600002
7936800
7000600
505622
6855
69550
2002403
10400
400700
2097690
1000700
205900
8000220
8207
100306
9502210
5008040
5651206
630
5330001
605102
906003
80802
9010200
28003
4002005
4463
8050100
6503000
8030300
5063000
8000630
7875
490300
50200
3950200
386308
5008922
80390
2290
6896
490001
7701063
840050
100768
664
190072
310580
5503300
3030080
2003
100065
202900
8030610
690300
6653601
4801225
4179000
7700003
5902301
2900000
2055000
295400
3860464
4360500
71317
6007076
4000900
34005
6000003
2744001
8022706
6002000
470083
6465007
26050
3000570
7825000
8200911
90007
4028060
5050084
2010085
100440
10216
1737505
30007
6400030
7409490
304260
770341
5001008
8910606
5090370
4084680
1003430
640579
800707
40800
289009
6190090
807
220079
8740040
2748
7670401
607400
70041
3100100
3170490
5801127
100400
3010800
5000112
8899405
95805
107890
20079
807878
2800
4007700
7800780
1076190
100801
6003004
6009060
1360007
770048
2075
500060
30706
7000180
2773099
9000650
304000
80016
7073413
2300111
300045
90046
5107757
551404
6090064
770353
2210981
650
550
400946
807019
6800447
60500
4140
900100
31008
609000
71806
7600
9100140
5892010
3780571
10060
4009709
757003
448004
305200
9030304
983
34900
9000805
7063008
2450052
2006993
3398
10085
7303131
5000300
7000703
403005
349040
4800000
30078
1000002
387272
9051500
30203
5009000
5000033
346080
7004010
205000
507506
7257006
5607040
9010040
7363600
370301
341614
609010
9010606
6050007
12480
160000
507950
3040080
600601
251700
408401
100186
2052030
390
7507050
3033086
7008049
204880
2076030
100504
600300
7000800
1300506
8400600
2406207
6604708
9400000
8300
3780299
636110
2005030
4000072
6080
5002000
950006
9030092
470700
601
3600700
36000
903190
2660000
8045007
242600
7002004
326000
38000
792
908500
9660722
4674390
2050558
7006039
7157802
300807
5242003
3100130
4000804
906140
890641
706
6054896
2009900
5004906
560900
321000
670004
280897
9005836
1153506
8200007
68004
4740020
806
5089144
60801
3060080
2609000
48060
1000037
1090070
8030106
6560
905085
8003000
606201
1000900
3210249
1030
8900900
9087020
1000100
8051360
7300078
94980
3900740
4000150
5000085
6040300
3000010
9600000
7942000
500610
700710
6064504
6608
5000100
7600701
502030
7002
7000972
8975880
9020900
1004800
59
6007034
900837
4000445
9024
2800102
5500074
2556050
172000
5751930
7000035
5003
1559096
14055
3001570
6000700
4040100
454042
6008704
70607
70070
9234074
4008601
689930
4006040
1095808
501090
1505600
2230690
630002
8000870
4300490
6350169
790
9019
2000003
7810450
200410
7710
306080
8780500
5583900
2200605
908000
7007906
250437
7200180
5000207
900101
10084
4503900
332977
2626092
695720
6740000
65026
504700
656000
60519
57030
5921
7008009
710000
4802000
7003080
470860
2635700
50061
1012500
7002030
80
4431130
272040
870000
1004202
4310031
470400
216005
5604770
290
194
3000604
4006990
5007000
205048
50003
400010
6080250
10900
5906203
5679
432510
536
100029
40110
75500
6005200
780913
5460201
9660093
150000
700303
814886
649509
8000085
49000
5002159
5230300
27686
3040846
207600
90058
2012069
62058
2204050
5080007
550205
70050
3080000
434007
11096
3060
7530232
70081
9208006
9900776
7009004
1147002
803
200740
886
740701
400306
4504870
500070
3070401
3060600
9789070
31087
3800003
8000010
25870
5850009
5607156
8900426
3660006
290993
5048017
110
4004800
2000070
4200900
4037650
6500000
60408
1007703
4075005
9074000
8180054
8190005
400906
606078
192
8430069
9590952
6030028
61000
70919
5089806
400300
805000
8044009
802638
90300
9000003
40026
4501000
920039
1480070
9229800
1520
55
801900
96000
5000800
600650
6300300
1100367
84222
7005908
908600
68
905
6005002
16555
60050
154090
606840
8300069
7020600
3090304
6064007
66000
8000
5640300
5780007
708
4352087
8015086
5707850
210300
307800
78260
504008
207045
5097570
8146060
2501060
8347609
309258
28710
300096
900903
3360799
8500
6090
1503040
7720
3006062
4004
7504005
8520
5092012
9098712
3607000
165400
30870
3542605
5700
606007
56796
941000
900063
60030
94090
180100
409401
370106
6459200
30003
9104370
602500
2000487
8006800
209310
8060000
913500
20761
4028340
5158000
800766
8013620
630230
906050
220815
409050
14084
430
247970
4017
10200
3035080
3350000
1008000
5502870
3001003
7020460
9100485
5030010
8094802
3900460
8320008
7603034
148029
1630009
9095105
5601008
8200000
89265
308200
360610
9020040
5400900
8068005
4000042
5000005
3004070
4335807
8002
7008800
1003500
910400
324098
1809000
2100005
2085
5085370
490306
342060
706756
5000202
3129
2300003
4060
1504023
6017032
7006
1007800
665101
3479709
2025104
8050
7819000
180
3000638
1002257
1350006
5202305
4743707
8060057
210544
6090900
8206
400421
9021800
9000400
47946
6606086
6569
2012003
5006380
3000
97000
93080
8402006
170100
5000140
3974600
42720
20972
6006760
405009
206800
5400
4101705
3616830
651038
622000
7000051
7595093
50972
6446093
8086610
15700
64840
800101
8860650
30570
60900
2870000
50300
100078
160062
3000050
5007210
2750602
4288070
900009
901500
209010
907060
4000371
5860273
9004
70968
205040
945035
878003
3000270
4858
466800
2240000
670075
1010
24080
2000231
2208
40708
598800
1000400
904790
8075980
4700800
81906
3054020
86005
7720316
5100086
841600
6008600
80780
3008036
8028
373308
100089
5000028
9003008
5002100
2800092
150800
73051
720832
4330010
6860070
2000538
101083
6000100
600052
9280070
3000527
69200
6001055
3004602
9080000
3700240
590300
1088040
1001041
907141
9600600
8604
400866
3073
4960200
903005
5104
9019005
4209036
5840096
23200
450130
260001
4701
6030050
3150201
104339
7000076
840500
307260
2020700
843004
2033090
8200070
4835160
104902
190008
60409
3097000
4303043
382220
6492
3402606
6409
5020001
913356
92054
8706660
53040
5900190
259090
4081052
8870
179000
9380080
6100530
3004609
8406006
1704200
997904
400073
604100
33900
38007
28000
150
9900700
69030
310177
3935090
4030041
6050305
72001
400044
9093600
2440037
93
9400027
4384560
989830
6804001
102603
7338090
5250424
6000993
8060204
600907
7909190
54410
87390
7223700
100008
3106
8156380
103
370700
8286
245000
6806054
2606615
7420099
73245
100958
1008680
2078730
7000606
53030
4000700
100300
5300007
9098406
5001
60731
221300
400019
5080080
1004072
9195970
535000
5030779
4403926
500307
753072
10207
202051
6002099
790808
800030
4207002
7000197
1067304
6325029
30903
5460000
7050007
5870030
6010300
400120
116400
5043100
1328
70086
955007
3027020
585380
8187
5000700
5596830
8703030
71600
791080
600708
3077408
64
90703
740000
9007090
7027005
615810
88
8900500
6050290
9069910
900011
925900
8606020
7080760
479910
843810
103002
21020
30062
2008003
8591085
728600
908084
305083
130706
405650
88001
2030009
2080700
209080
75000
7052
83090
380021
5709
4073640
3050450
155602
1655600
10700
3020480
4017404
70936
58090
9000270
803000
706900
70003
7000205
4005000
413040
3700050
7905004
700671
4796055
2506706
514008
2018012
200
406096
3794003
9708470
9040900
5065570
9930
1003940
3000030
77290
9055500
4060070
4605407
600009
9000010
211300
309030
87
62202
7620025
5600300
4090900
239000
6400500
9057000
8080080
86700
951012
529500
5361003
3420000
85475
3064015
8047030
7500080
1400343
70285
7061000
906752
7040000
809895
7216000
90833
6603006
27031
2000160
4730907
4908067
261001
7894400
933410
3038771
403245
7350001
160600
502005
800010
324200
714070
8000024
9370012
7800000
20770
8020080
570024
308300
740005
9000547
158000
607407
8000067
86007
8840305
6810096
980020
1769300
302801
8100011
220008
102
7005
70010
4540350
4001075
1010060
40013
80645
72058
2014020
3064008
371569
900650
4300000
390072
2600790
590601
206000
5706801
405040
1003053
6104180
5080024
4806800
8050390
3780001
13509
1010008
900043
482
5000802
8704093
868900
4700400
2037000
1800000
8093900
4040243
2406040
5100407
90609
530206
2110000
205701
7068
310530
9200103
19
308002
5050
905002
9059
1510685
75204
4431
2001674
1000207
7179005
9015410
2000041
502025
3302300
5060050
703130
1200400
600698
700102
600005
2400000
725589
30010
6005400
341072
7504000
89000
2931080
90008
623448
8009600
8500530
8884
5700068
7020670
2509080
6062000
680090
3410002
901040
615050
9003100
3000810
8000570
8080149
6430004
9070660
7530130
8000645
3804
25120
7098252
16603
286509
6001020
896862
15001
600602
5300460
5010794
90700
4603001
6005209
30099
73008
80098
7010
3000306
60080
26047
790401
8104077
2000600
5006080
7000020
5990000
7031011
6040
7081090
4209760
3000733
600040
10050
230507
106039
4072090
34019
9700010
340000
8062021
610978
401006
40100
7270400
25021
6008173
6469009
163020
980005
2702071
9960075
370400
3000707
2000004
1030000
2030090
8690002
900970
2279085
2599060
8005100
508103
7030811
9908
7440404
7054080
6038150
3000005
7930100
4000638
180869
9094400
7000041
60956
900431
10030
3107509
290109
436190
35046
102001
704400
50018
4160006
690520
402700
5203000
1054760
9506038
1900200
10304
2879502
6198601
7200909
974070
3450007
400890
469550
6404400
509400
615081
6080801
3084
10428
1496300
8058306
900147
5070120
7695001
4203817
478450
121020
4430200
9325000
3000004
60008
600700
4502061
4427002
20811
4003616
3009000
601890
7430000
20379
7740900
9096300
770000
180203
962002
80508
8900
302094
3072000
9000080
4048004
2000010
1900070
9410010
809697
6047358
6070904
4033
80005
24000
20006
8080808
320000
768206
200009
7695066
4300882
4335000
303
1500805
24009
880
3308307
1030501
65020
8700504
2400065
8804010
3544700
4082307
80040
6300009
5000016
1920406
3060900
440205
50096
69
2046
5000250
6793001
4001840
9003774
5000755
188904
6004182
902007
100950
196000
800090
70901
7051005
506851
29810
7020702
90837
1000530
7040760
870030
323082
8088070
8810003
43010
1008580
4010002
3002000
400772
506507
1880806
95420
547000
2770222
9090004
902750
7302050
815040
970080
600399
268400
8096000
60403
9500007
98407
6990067
982050
7095040
3030070
50917
55060
9009009
2337002
1060003
6400008
5906000
7004040
310080
8263380
8615020
920070
203314
480001
13090
3003030
404004
1400
7065000
9000028
305085
4046680
840085
480000
3098440
9281030
6050
7014
560000
1837
6000621
1004650
2273000
210800
934899
4800909
467082
9500000
200008
202050
3001000
3951066
7076107
3300044
6065218
90120
7000120
20203
4008000
201722
5100033
70102
4004405
5273
1203806
8600006
380080
402920
480090
7021783
6600003
807399
710574
4890000
3014073
4366501
1107622
348020
6226109
300409
7051869
158
5842008
9603421
105480
58780
7608002
309070
954079
5750008
180000
9004019
9980
150909
50002
5007950
8005409
5998035
9000001
7050025
3063909
2242840
3090307
80039
780200
4703411
3530200
1785202
9004400
4000750
2661059
2803
3560000
2820028
3200348
28900
45260
7092310
4061030
3040997
34010
870080
369807
475009
16080
3050900
200007
440004
900007
8010010
5470
903970
5500549
2550210
27070
30186
550788
809280
400606
3097400
82033
320384
300400
707009
40380
40053
1080716
170220
101070
9519040
5003287
5092001
8207090
1004008
5706412
772003
5500470
900309
67302
437210
30110
9957000
2031080
9006807
190041
1209260
6072
95994
980830
900240
9960300
55867
101203
1060004
650000
106009
9000200
2000007
7700083
609
7702003
3604010
6512060
620000
8250076
2003009
1900006
400401
1060002
402525
819000
6506
900080
2760000
9090200
2200098
2002
7170006
2470000
253004
459109
8000214
448000
8033
4500963
1015000
9960940
7060900
69000
26070
5036040
1042183
5946
8809008
4400
99518
1009080
95090
300108
29485
8000800
501
405010
83490
808581
3000585
179020
50910
603250
200006
6070206
8470052
940700
37506
7400230
5090933
187110
8008260
5606003
7145090
8047080
3004014
390240
1000280
27
5484509
5632002
80059
300200
4018
100434
2607356
7200270
5005021
506149
9729640
18407
300610
275
7006500
8495
7000008
5402201
2031306
2043030
417602
300300
8085400
1203010
7950595
1004000
6031007
20940
606005
241099
2100306
440329
106050
6240700
991336
6804
39060
9010090
37
4390301
663401
5007422
9902007
35506
5803090
5903440
4060990
2000068
9006906
8089319
9704599
703
265000
92706
4706
70
7143006
4908200
44609
5070270
5010300
9004000
4002010
4065146
9301099
5074502
908002
9900040
3710530
7005377
320
178460
350290
9001
94900
5750005
1040496
840087
826505
901350
987896
7082080
6060898
9647000
600004
891079
79830
670055
30465
7030000
7707100
60700
8055902
982060
400003
3449
96090
1140000
50463
4060000
39340
410409
5000773
1700
2100906
5065404
4038005
800100
105918
2500021
60009
9010066
800009
2359505
4030093
300220
2230036
58092
100630
8060100
530000
607208
30551
6020027
5402032
8394530
5090002
5405001
190099
3000140
30080
920764
4060353
1620308
54003
3901900
6200702
54062
2039033
202080
8095
4288
60052
5008190
5079000
2649320
1026108
249341
285332
430000
1290001
8305475
305100
450
663032
7551044
3688003
6694106
506050
4400082
4351013
2604000
270951
2022900
5600000
1585003
3020040
8100570
140090
208065
8060230
200660
63800
8001600
3013006
3509000
80050
1320105
900070
4000580
235603
805105
200100
400005
8700800
230945
300290
638890
127300
1000410
230068
1010042
2820000
3040838
8107060
339410
1001038
9209008
302840
4042500
6007039
9170820
1005000
6000626
4905205
320386
8070710
320510
850280
600822
4005701
237006
5805000
150035
4253003
7208008
5007050
8030903
3006004
6437060
3003001
3320
6054300
970100
9290190
4466
81409
6080000
908036
6301707
9095163
8702002
1601800
1409
8705
3020888
409060
102060
3010048
1029800
97420
98000
1000200
9080006
5203285
400408
611010
820005
600990
200700
7502079
4704902
70560
7010600
4540000
8700207
405750
7010300
7040500
2340
2601090
3400610
5092707
9646760
90090
798090
1100010
3978089
7945
7054000
17998
7700002
4106020
1950000
4703802
7105000
1076600
8700000
2409269
563200
1090400
50320
700990
7080068
3023
4209010
7717
6500133
106723
74008
300160
107090
303090
970090
480080
55390
50080
9750200
31800
7806679
3080100
1500120
392100
40300
258070
366604
204020
206009
6075700
95708
603692
8081005
509
10054
7402
500308
4560609
504003
6090601
9403903
84001
470007
1007004
600025
800043
90536
5080500
9400963
6265
690500
20050
7012037
6880030
2185050
170000
6038021
880700
535
4000961
98260
1507400
20904
6502
6070300
100804
7033087
5007074
3181060
4620860
3131090
871000
450224
4424062
1537005
6040000
1000603
4000403
3494003
5095060
2128
750008
7390020
8185300
5400006
7094084
707050
736080
7405090
507000
88080
85000
50409
506109
9170770
2100011
808702
200521
3025141
60300
808409
9100182
3489
4011000
71007
3005002
950080
52067
5066
498050
1026005
4063054
3030020
4708
3052340
5000480
60032
1660603
914038
45360
6795700
200430
7000107
91590
2007754
490080
402060
9013120
11546
8140000
3062406
1290040
30005
70090
6716075
538750
5130
660634
61002
4983003
9400004
9032200
32009
1070600
696320
41300
6800800
1700500
104105
900670
149095
8000301
6007000
1210023
8000033
7720005
8640208
8900100
4600409
42054
3200066
3309000
3014201
8077900
6035540
46910
7001301
1081064
9002834
5630066
2510700
904008
79202
7001508
370694
293000
7003060
16000
4000360
29
46460
3900960
5080050
2389
7451082
8260208
6000005
200520
4708420
943006
7075048
70732
301022
2227080
100503
2364200
600020
6157000
1800001
709000
4600200
18
40071
90089
609730
107000
8000912
780007
2052
800770
590001
370100
1084601
7844
309000
407010
700042
4313800
8080640
3110404
97501
800800
8000084
7002028
70796
9260003
580002
523200
250021
2090080
9398049
800020
500600
7600075
400855
6610999
7407502
4133009
8040050
7662004
1050073
33020
4070019
5012098
4330075
503017
30006
80060
1200220
6297020
4305706
90069
100900
4125200
1202100
1009060
200040
19803
8050096
3000900
188000
5033000
1506569
2707050
953
3071010
464789
5438005
40206
9940732
702005
10540
700300
210600
40304
7007700
3090000
3700060
9806187
17014
243084
900870
88003
4420670
8000190
9803048
8050600
9000949
300603
170
8104054
990709
5042000
6050004
507510
58809
1807007
880001
9500900
8508200
850000
10005
8567800
9329043
1021010
1957
3000305
6044400
30047
3010003
508703
404704
2603
2720300
900020
1505
800039
10193
10822
5007734
7770040
560949
797080
6004400
608530
6100000
8000043
4900060
902006
910150
5017316
6520310
56700
50800
2532000
4302100
46186
443000
5066000
8864003
5086900
7260007
4602084
2010
6000238
4006
130102
6307900
3020700
5666008
9530799
9020090
7083458
98870
680000
6025100
865000
400888
588626
4808601
3933700
5030406
3073018
1334
1404005
20420
6832
40042
99900
4000107
302876
3002300
8027628
400228
20280
5210766
94200
488023
7090003
606065
850840
2070008
220100
80001
404000
3010401
3474030
12100
3030177
279808
1008
510165
808090
836409
74080
6918001
5000072
6069001
800006
8100027
91000
52876
70103
7320010
1021103
8244
560104
9000750
2168002
740610
806720
3020740
8005301
9670
7102100
83000
5008101
9006595
50900
83600
700007
3923400
2094
4600319
4050608
9010043
140075
73091
404260
606060
190500
7960
340953
8066077
8009010
5840085
5900092
7090600
7400410
577310
3206600
730008
50401
3009790
1002048
8013608
740400
6570520
3105149
9203340
75060
470660
8070030
202202
89096
53006
8409200
4020602
6500092
864503
77585
100090
2700510
4084300
3023000
1201850
3570705
728005
8170001
80131
907006
640052
10080
6003910
420402
7706020
9040005
4097033
9928030
6084789
607050
8021270
1000292
660169
5400600
7008959
6008909
706073
7008357
4704
8030704
655692
7800030
8302620
6000017
7907083
3500006
4000640
760020
80095
6000101
40010
4060191
4070227
5010600
20460
7020479
73000
9538800
8000008
2800810
8902
8600808
7000070
500660
600830
204006
8052381
6110004
1003040
2563046
620080
8220530
7502060
53001
3002907
6620003
4634002
220300
8097680
9308700
620407
500900
5208106
3002400
5800002
609635
2024177
6655100
4036020
95888
1000800
3000103
7129
3090616
1009430
900801
580541
20837
6500040
4081047
44205
7200508
325205
7660000
99067
9250800
203036
4039029
1928070
7409990
8260000
203495
1709090
400034
8473000
6680600
3900476
746000
3000070
982756
8090000
181401
300208
1000078
739030
695
8064
7076
9070630
149
943604
631920
600027
47004
480076
8208
6400074
3904
50070
3702305
9049011
250868
5535026
460800
30004
3994000
580111
8005590
6090100
2970200
8601100
10773
4738006
330000
800908
8048005
1267405
818079
6610008
69018
485900
30042
2028200
84027
8902000
2708
4040604
7002200
3000006
80608
91070
5701089
569
2801460
600080
900437
300100
7000106
5000024
701040
85004
206044
8020923
2025004
200658
2005600
60060
721000
5184200
301357
3003093
6850039
3043
200020
1407380
170323
9020070
784040
880004
495000
7002000
8204003
708090
9000040
7003400
2018400
502009
8123
9487
26969
3080
1660203
3280074
8826800
260406
9151020
100800
700707
48010
5077490
2020376
9710000
5804448
186080
902063
602000
200037
1200002
4367000
9000025
1001000
102507
4007068
3520000
3304070
6831
6300321
207900
603602
4220000
8099500
39
560023
20380
25010
80090
278000
9006480
909012
5050072
7003700
4900000
7001532
8059100
10800
2079910
1933
80745
4330507
107
3630000
4990800
986402
4200454
5600080
10210
5707156
400830
7090300
3098758
925000
758000
307075
500405
502306
48000
95024
7957013
7007696
815000
50007
920002
2342029
8408040
4557007
100150
725000
6860002
1040010
9040007
5000416
5880039
5090190
9056002
8050002
6025
5007394
9900804
2800360
620034
7307090
7007
3009106
7068549
5300509
6881504
7300810
3049
7203208
30270
57009
1550000
30221
40001
2023740
813
3000648
9000878
9030780
2100009
8590060
6980900
7005094
9070000
6080307
3030059
2787079
203000
4307
6203250
5000600
89409
430009
2000300
6000950
4604
6032700
209097
109000
5001007
9600002
6007005
4740910
9300804
460016
3011079
5000055
4906406
650565
7019005
204004
8076019
704600
4219
9011668
3010500
5131032
7108377
571461
3044953
4040080
36600
6440504
408303
216502
467
8957
148830
27400
88202
60204
4203031
9320000
8049700
6450002
2000001
903341
5800042
900400
100009
10407
2670023
246
8700090
9396010
50486
3600032
790522
909000
400060
1814005
2001001
95037
20538
2601
929030
9050052
4000805
9005031
410020
7580300
981030
804007
750903
33292
9024010
560200
70284
686670
5302
6308000
3230500
236460
900712
472519
882
497006
5000009
2040107
20019
2440610
9600830
500063
66206
5020009
6000040
9020810
20100
227000
1880920
580012
560080
500010
500638
1000509
9020200
5001100
9926000
78002
1005010
8980808
9310200
2400600
7003070
7050670
1302706
9010600
5007800
5670001
9091590
4000910
1710900
9490361
5928000
7300700
23040
659
323000
6000230
404
306990
5003002
7711045
9000002
1150483
8120910
900003
2002070
3536980
7076040
1909200
326902
5361000
462676
2003080
2130038
4797007
983200
8050070
6000800
4300201
1310000
8703478
400255
6800040
108001
707500
93881
2506090
3001060
2950060
1004006
200932
203080
1300006
2030800
8745092
252
460000
101160
20403
1000140
2800800
8490100
1005456
7768025
335000
3008530
623050
8110044
605002
50092
9830147
9000018
7012
7040328
9075000
200200
934808
300546
9005000
930016
903120
3340000
700003
9060006
7410150
3303
402063
8030960
9002530
601000
3077947
8070200
6505385
506002
982417
4057
4059003
1009020
7930003
5070600
5067900
509904
6000108
105600
49090
9110100
4079008
39049
4200
9340009
990900
70354
110099
504877
707400
7085043
5726400
26000
83064
914050
732108
104068
1002001
1047107
3060000
2094065
100030
1006062
9308026
20024
4080400
450030
690
5080070
609001
1980006
557070
1007080
8936001
130100
1805995
7000200
967580
71908
9354060
706230
73001
79700
83580
7000015
42060
667004
307108
6413070
86900
8020965
520178
7262000
399000
9000020
300714
560
3113000
344500
4472040
5670
3917860
7500030
3085700
6001
1860766
8800
100502
29000
8812950
7844000
1200303
202500
10039
252900
851400
940909
830000
78102
9090301
4070360
903090
137000
990000
7049010
4601000
7087000
290402
580003
624005
1000056
4009000
5001016
12707
6140500
6010043
7204069
70060
804330
256090
8506
7000105
16060
15613
8064400
9920000
6700908
464277
2088889
5038100
9037450
240770
8056104
3990088
608000
4600300
2590060
4090001
450040
9003550
6206301
8801203
2304030
6070000
3040202
8705960
7100301
849929
4009500
4049976
5000409
154
8030590
9004041
9015120
40024
3430520
3000560
840005
4608500
4515090
7040609
610600
405570
2023000
7700
57600
4138205
3596
800189
2100913
487331
578
4202007
2040530
3500020
17056
4060910
58301
4006510
2070502
317014
9004040
2251700
1007301
3297700
1011070
310403
947006
8067025
1100590
10647
97005
7080400
6800000
30202
8685009
991050
1305007
2203603
2018050
5980025
4920865
9690680
4340080
3600006
8161080
604409
3060590
220099
2408
108050
6000007
9000502
9030060
71500
2048700
530788
208801
900130
204079
9240
720278
920501
3700008
2070
609608
1000036
84000
3990003
9200025
608
797531
100510
779530
2000407
5203330
839008
705370
6050002
2000650
7108770
260049
156000
49800
7200000
770808
5836000
5580100
52300
625102
7008005
108760
9550
200985
706898
9857000
2196070
595006
1000192
7380007
1010500
9710320
8280800
410800
6000200
264060
4491
6500900
1000009
1790900
6960200
6032090
106700
4041270
5603605
80103
204560
9509000
6372076
8060380
809102
89356
404100
7950173
60163
602578
6004006
3670
3860087
400400
7003050
50406
7809400
400024
3000009
301100
7080000
1774708
6740020
4024103
7560324
9300
965040
201071
10003
2104020
960890
260
4001
200060
2800740
59046
471360
9000008
50107
502004
1460037
751008
4409160
9400001
4786530
510076
2000076
3097073
16605
9026008
204800
9002000
5050425
100010
4000044
505004
6009039
5157009
170011
6000008
207000
905158
158300
2649
29036
4170000
7535069
9000606
7050020
8999008
200081
5100718
6143020
4700068
6701260
46800
790000
632003
3070500
360000
600370
83660
2809
150208
8074030
3800600
1000080
2008008
9008540
1009010
5003800
906200
8060
8600989
813060
6006120
37200
184910
400007
898021
20020
262090
3097088
106090
353
250050
6055070
520560
220507
7006401
9000700
7480535
30745
314520
1700880
4255069
9450691
770
820402
305000
9090900
7090011
950200
9205004
934204
7840000
8603484
6070090
210700
5270003
3100008
58720
34401
9008600
7100376
97090
200685
630070
4074
16004
490232
5040
9302555
4003
8080207
595001
7899707
290008
4032502
6786063
6057840
5609903
1400200
9890000
15000
9000053
10057
6480509
2404851
50030
4805310
24589
96001
5290990
8721030
8700908
70200
7086000
80140
500002
6005760
400090
5604607
4007701
7003358
3000507
2499004
3470305
358000
901
6110000
9887000
4100320
9790000
3200905
1309040
900037
2056000
9570310
600501
8797
8698079
340004
750014
2027088
5024888
136800
3760894
7800108
3031300
70800
9057066
2400610
2900289
805204
3800201
300700
5502007
1090206
8105301
1060000
8489801
80003
6170020
7080
938062
6660
3500000
7110390
3150525
7530
11440
540000
1000864
902000
5000003
2600534
6550404
77600
1600551
50421
6003030
6000654
9616004
500009
6538044
4004127
200013
311078
8070018
343875
50420
9028000
560072
40303
82005
191002
290006
6100040
111300
9406173
200540
9597010
5730058
940005
3090030
31180
4008309
30847
970330
8700801
2097740
3295002
208003
100520
732010
6070250
1400060
302006
56004
5080001
9100070
321074
3436800
103160
3309030
1007000
4760500
8049603
60609
9010
4020590
680
559039
5006950
5480
9005003
7040088
757001
2702041
5220002
174000
20307
8040780
1050411
2000050
881200
5400000
2026005
427668
8730030
2302229
3802000
917000
4064170
380000
9100200
7000332
8008403
4000300
8035200
40900
1006003
437000
804082
609640
38103
2292310
4330002
900900
6300001
8608004
9440800
180800
7000400
44202
7400000
254006
705010
4003267
100101
7103904
700038
6780064
972
5104802
900086
7000060
376524
20862
19069
1089130
1620203
4050800
35004
539457
501307
3050891
500560
49700
5900003
2004910
318000
6082610
700678
1307000
3600079
82440
5322030
302
3386076
407051
600043
1820970
2379000
488905
7029800
8770300
5024203
8991003
71210
75407
34360
343240
3087006
700072
846302
7611800
1000070
606577
7502607
105700
9903980
8905034
5002341
7600590
47002
4501005
2089343
9002300
9640450
804070
9009004
53320
2870061
1501300
1886770
9141043
14039
702071
304255
8040200
4730
333050
9001500
5579000
71008
79780
5300100
4054704
8003090
56040
7090000
688080
6403204
60406
31064
3005900
805500
1000740
900098
9154306
201099
7000290
707809
8800809
3100060
9505003
1040183
2980900
497902
5186700
6030006
450005
4005
7790004
1570000
1002353
458790
1650482
3006052
235100
3040600
6003807
8610670
387005
990300
7025808
7040062
52041
30607
860425
6070009
4040
125520
1003050
4940909
7032075
9570020
3146050
1007175
6004350
9000809
410008
5761600
8082
273070
3000700
10037
5010981
805758
642703
167024
9017419
7990004
1007010
8800000
2614039
3700421
8000707
4300050
5061800
2108260
43890
4700001
1825020
198009
980008
3100208
4856018
22390
5605570
9903000
7020518
1006008
400035
8934000
466912
9909500
4000480
50077
500440
1940004
440260
201769
50009
8540003
64000
7883010
45005
4000404
35000
3000830
8000100
708007
9400480
706960
8950405
400406
9030
6520800
66030
40050
798
690080
701000
6856060
3050184
960083
7000504
2065709
7210608
2540
5553610
9010207
5369030
101901
700636
600903
2050007
1006409
9607
6000907
5731026
3047090
30530
1200160
9000500
3400005
389000
609150
5460020
1007049
8008000
979500
40060
7090002
7206070
1406060
810
2320400
1840070
2830160
500881
3321
4008400
5002505
5000396
3940080
5008000
4839010
4060110
605512
2330000
7101760
772007
400200
4012900
26
6740090
98904
2010900
50717
4070
742006
5404931
3709020
7550
420006
95054
300708
606090
440988
6800060
8033200
1740000
269220
806940
45200
257408
5420420
203008
1973009
40020
1047000
3820086
10650
5290705
2900004
1592
4049728
7060620
4706233
7020000
300030
9020005
5153
480530
6003980
990712
4424400
705060
8942089
9330009
5003709
1760009
3040208
498030
6918603
1023270
8083083
263349
5008960
7125022
6709002
5000106
1076000
9620266
16
967380
831806
3614200
2870206
1061378
15600
1433000
503018
7030708
641040
6086000
9001007
6370
7004370
209630
505909
5000090
2082
24500
7700030
380200
4600089
5030048
94073
307071
400432
1210
801809
50079
7010720
6170009
50892
7005003
4004002
270043
278900
5623360
2000705
85800
704000
520659
750620
100313
3820603
6022101
6916000
9215090
8000092
4530009
90002
709067
39400
80414
1060
12206
3705000
48109
8000450
7000005
5060000
8363000
830634
6906104
590050
373621
409662
70046
7107000
5600926
9071550
7200016
923050
8882
534000
67000
215874
500940
7547390
93000
3060073
1400090
620350
7800090
6485010
830460
49010
545040
9700092
5500005
6525800
8470910
3095600
9707220
6500
56789
7275000
3001740
5009990
8050890
3926300
13800
2596002
6240908
6900740
399180
7000720
28080
8273
900300
4000305
1052000
43000
8004900
480710
79017
8800403
100001
7202087
930818
707
3955
5054406
7400060
2080502
50010
43070
3612005
502700
206
5000209
1032030
7073007
600085
97008
92040
10002
35044
2309000
900708
470797
8705050
2344700
301010
2090660
9600220
6809900
2080505
2000480
6200000
504080
334605
5100202
1002040
300565
1301046
1227000
2076730
763903
2002800
300006
40860
6010298
800008
1640000
6709201
5010700
197508
808078
7402000
2005310
3040050
2040
5002403
2415030
8071845
1021097
7900040
706902
330697
740007
104090
2058065
6297005
4200000
580450
70330
3070006
503740
5800001
70807
5910
9040000
78922
200074
2960600
920005
276000
220067
5404010
432586
900102
50606
5903001
6009107
825013
4902207
379026
2070610
1301
2059006
46008
530078
8432207
9702003
1852870
1970197
1107
205700
807000
699010
6304005
8900905
9700800
210063
4000340
3960000
80200
1700921
7902000
7702007
8601804
3607
8090006
7098005
420102
5649600
529008
103061
6710
599000
2000090
17106
280003
5765320
6200809
72607
130570
902016
9109300
9622000
64080
6069000
8840009
2630051
2903
4007002
770070
9680060
1000706
6006060
1810300
3000903
7960900
60509
481210
8000223
907003
200677
2002009
8842000
84
350005
608906
9000320
73003
500079
3200200
60069
4240806
190810
3496010
7061030
7950080
2390506
2069000
760004
398073
8410
30109
8700180
600800
4450037
2260700
8702
90325
2390210
8230
2771900
8062
702609
210000
803400
484000
871600
9010014
1348000
50095
901920
7700500
103500
70202
7060203
103000
8000293
6800508
200080
6007040
370080
5803082
9301649
9700200
8809090
69040
3002001
3000678
839207
162096
2002050
9005026
70524
30900
8006070
6000450
7040540
608010
3717000
210100
41658
117301
90180
806305
3480000
6403077
9502700
7000300
50809
5940
2305
2000012
7070
32
9140008
802
1202000
878030
8000039
3000104
2030928
5098001
560004
4091400
923200
1030035
6004506
178067
7600006
5241
6101200
2370106
5510300
60004
1000006
7740708
809800
4005026
8040066
2670006
411831
2159
7056823
5383000
8480000
6506021
970909
5490508
200870
620518
9100350
6505940
14002
930037
3006010
6800300
107007
9537008
4057892
4105000
28740
99580
6680
5091
87007
20712
2030000
30002
700005
9030708
180011
406408
6604500
356600
9010290
5959099
751
9694
51901
4021460
11020
762609
606800
3000044
72004
460061
105020
3000977
5003030
9826086
730405
4903800
4200500
5050004
969000
6250818
440002
8500300
2955000
163006
9020
110586
600094
9000205
5069407
3645505
318007
1069320
9060020
2308027
7630903
760006
3002030
5601085
62
50683
323903
334000
9006702
9502100
800004
91017
1008770
700907
7882200
905005
603099
2600300
500767
916770
9000044
8802
90405
2950004
401700
8006103
8701302
470
930840
5025000
974681
5380065
2002600
3131700
100782
7716700
4822009
5607593
960204
603703
345860
2839550
7066002
5060100
305640
120209
9740390
5704003
9008101
1008004
9600040
3770004
804008
8200020
3717083
5071001
5601003
23010
357
372000
20951
8500900
404050
3150400
14890
527034
6483
8000810
67204
4200600
840802
205751
3603000
49470
2070000
208005
3404146
71020
200003
360720
99080
5400570
900241
520
309
426090
61
775040
167079
6670000
7090900
8500351
225000
710050
6847
9510610
200402
80900
816030
4901093
390043
7670030
2300300
930000
8600900
4007600
507006
30070
4630
490530
82501
6090008
73481
590970
6900463
10970
30200
1860000
30090
6050040
5331
2007040
802500
201700
8063070
707000
3540056
8626608
2300340
7002703
186040
5703001
52000
2610390
8560658
7149040
30063
5008400
2136604
7419020
3300248
1201705
2000962
450020
8090950
7060358
5000027
564319
2008004
950440
3400040
7839770
508290
5091673
4601579
630484
7475050
5603700
6010010
324034
9068399
6007009
893
770009
3006305
5090600
66009
8460044
67420
1159020
9700223
2804000
3004400
10930
7010270
605007
950502
2680377
13
7057090
240603
3002020
305069
300050
5010550
80906
1701400
2195029
205052
1806100
17
96049
3806
3110958
5644000
4060026
3000059
9053200
8200018
900800
3209889
2700210
105000
5380044
200418
622193
1094390
320904
9040090
700560
282706
40780
986
6020706
3000809
8300722
8406900
2061
5070806
7760030
70451
31504
126
287446
605000
9084007
1001300
40399
6008
3610033
4501406
6140000
62195
80950
1049000
1013
9460
720060
2800595
7504150
2005109
1033678
403100
8080200
69003
8051620
3008
1410007
1007709
90816
5026403
7026500
4330602
1094550
57617
2500203
4800210
681921
200650
7408334
402699
700010
804030
501505
900600
8013071
68706
7003082
4602
2607020
553007
9300000
4439920
6300260
1502119
960975
1998
7420000
56610
2060008
4590000
5501860
3881000
7700004
9340201
2000601
500024
707880
463910
6060917
6070106
1059000
6006039
3200008
6709
4002368
3114005
5247300
329300
540302
2069204
102100
5730
66
400004
3230073
8070
3000087
669015
4056030
215000
9500160
9920190
500091
8603124
9800000
8809
8000708
6030290
9100000
300004
9384780
7679400
984000
6051003
979350
908830
8030046
448098
1027107
75003
5110
5408006
2802000
8022049
80079
6307067
3400833
7808100
260040
8020001
2090
2405
4780806
4005600
7600008
2764000
8080100
928800
8000042
9060100
6390710
9300005
721060
804006
292
9080536
6220106
1044185
604006
508809
4002000
9780058
6008401
7007600
4815000
55090
900990
4056703
7000085
618040
7588710
4005262
7006000
9900281
7500005
80500
3020015
9001000
4241003
3003050
383008
41338
9400406
939100
880503
8080070
2000620
2905705
4060206
3056070
5741080
5073
6060449
9027284
72700
165840
6530270
80474
9670203
40005
49020
2068070
2650001
1770905
1850284
4230
2749300
3800030
3905609
8281210
9080440
70270
180080
500029
8066
2003704
90706
31400
7545600
5606005
4450600
8000200
1802600
90099
904400
3140
5506040
1510
606054
20950
6267804
4956000
3050276
720000
104008
6277056
8307030
800370
1001800
7012298
6004500
5003052
40988
6020000
405089
949090
9707480
100176
501009
7072090
8010091
9103030
9002906
4500998
2000800
3527000
500207
5038049
3200000
800003
7900503
609022
240798
6365026
8075866
6105087
6006007
2051383
200071
8090480
90620
40081
8038700
1007400
234070
2006043
80250
7102040
503010
4093600
3496000
6402400
2300000
49600
362752
681000
3140700
5030600
3240016
8600270
573608
180070
9190000
1600000
2030180
33002
40080
3300022
740068
1200110
6100170
1080821
2000969
8200700
1000045
5300203
3808340
420000
3800502
3051053
702603
1003900
7303982
9910830
2050000
76000
502345
430206
1263004
7088061
510001
8900600
1008020
538303
1006400
850303
855
9780080
6006340
604001
63008
1433620
6328700
2690700
9408040
9900079
72
1160810
432108
6014520
100866
110520
1090000
7606210
4800488
900208
958307
5000930
9756701
1904130
70054
2213080
5910041
290030
7870980
4469000
1001002
5040900
402033
211401
1000608
6372
7018906
8774074
4500500
8070510
500109
3400043
6093000
1600002
6036042
9019600
51030
4019003
401200
306
7225460
4190470
31690
477080
240951
7500487
2520003
2105200
6007003
40903
10347
600440
8950040
2005
9909490
2020185
60507
3000018
8008760
70002
176640
270003
10708
5077300
3037001
8005000
7200052
6261086
4400480
4080080
300023
103828
700070
1890080
4007014
300003
6005
1317390
77180
3003
9842
1367000
60090
272408
900021
470204
7200
5278000
924500
851500
8000750
448003
1007
7093060
207601
4041000
49500
42002
5766052
191
7401000
603065
493702
1630000
100970
6840083
910
8405003
700180
4010307
5920078
8547009
293069
2366000
600079
5947050
3000037
40864
503400
352074
6745097
1558000
13080
6005007
8340365
200591
6002070
5505
9090
3882000
2110009
9890400
654015
6200600
900093
370005
3500200
94003
8003
8002518
3040020
8700
2024031
6000622
70232
3190070
94618
308290
4500499
8019500
4000003
70510
22006
9601017
8305004
9000850
9740000
40700
8505790
4035309
14011
7490126
70100
5059700
9740457
4050200
267063
900150
54
9900009
5500108
31004
608006
2800005
78020
5000910
2000763
7902401
949401
5570
900680
2000051
300407
990100
46709
710006
883802
4950610
2030072
6001002
4095030
700001
570000
5749070
7700040
5056000
90080
306830
7000050
6760
30031
1000010
4240050
651800
11095
9932000
104604
9290
3053009
350
9880405
8080
306880
7009080
707092
107908
8609000
350400
50287
300076
1030036
8672000
4692300
7010323
5704007
3409000
4000431
3098880
4040136
7330980
9900000
903010
406
7308
8000005
5297007
405030
178935
140786
44200
7890001
2010086
8782000
101002
156457
9060008
3042310
9703017
430008
40405
4000007
3230930
470000
8500871
109702
3026
923780
1040006
268510
7700001
3077
85130
7600000
1006106
83091
8506200
195942
605205
8033000
80940
900470
660600
940001
9020350
620001
9060080
2304200
601630
8970000
50652
1050087
6003000
4003650
4405
370588
1100950
4477000
503790
3050000
130002
1730907
9875805
600011
2040323
1880
7008158
7000061
4062806
9702030
7000088
4273000
9973075
308497
6000250
514003
707200
8170
3203004
414110
2020805
500915
605340
1100060
80317
50700
64090
2020908
690000
24001
1076107
92180
2501000
5040017
5406001
5088000
8006200
3971201
700204
960093
9340090
903
17201
3703080
9401097
3800000
4990080
206080
5030055
701905
3010434
40006
3810090
880034
2720
2150002
7002001
11800
9080096
643
1070230
4000303
805600
13000
24300
4002063
1650300
884700
15
6706000
8005606
140656
47
5070831
4900970
440620
4056020
590007
1502040
700790
1487089
436790
6049
5100000
100018
37000
5414002
137804
5050499
2727
3569702
2089067
500706
6502010
97904
505000
700027
101713
56500
2006000
4306008
850034
630004
809069
3025
5500581
388909
90019
61020
2220004
4063345
500080
505075
507004
7068080
830006
32006
9010055
7680879
5303900
200199
7005100
2070045
1430089
729090
79050
6300000
154770
3050006
54939
850001
4000400
2205500
900081
790020
807003
57
900059
130120
6907700
2320071
2305002
7009706
7728080
1400009
300130
108300
1040980
8087890
1003044
17200
30020
540033
401
9060005
98447
4910609
7000110
7990006
7752060
7078330
3050030
404930
17598
400608
8728050
4042600
6010005
2007050
364
7462003
9660300
30050
8030000
860046
4701598
2513014
2602004
8060010
730009
7001303
90400
600930
41004
7204001
6000931
729078
251806
8097085
2403000
7200073
260426
2006800
4000045
1000044
930880
2170100
9000086
57000
223000
1097050
738911
1071030
9080790
7801100
1000460
3390052
4084002
640600
391060
1019343
33
8007070
4001000
2420406
3802020
7000150
876000
1940009
738020
90050
2041087
3606438
293600
80732
9101000
8640004
56900
5040001
8071800
6070200
5100841
1300008
559360
5507900
4035499
9300060
483200
90900
6936907
201106
7006098
4040030
126070
7006800
723025
982460
5803600
8046370
913020
402500
7027078
5400514
9000206
4340474
209808
10410
800808
6108215
2730040
3300
80326
9452070
8003186
2920
7092050
903000
8003908
4042400
4000030
260071
4005585
9101056
6007206
5307008
22500
24543
8700905
460078
4052650
2906000
5550
6280900
5440001
362051
4319000
6000165
28001
4040910
3003260
9530663
6460057
9400080
2332802
1701631
6071064
71420
5151096
7008008
5680
63900
8812020
930504
1601000
3305900
8373260
440705
9020932
6930000
5002339
50571
6400861
3200330
2000703
10705
5109064
8203889
44537
5283020
870468
7020067
290047
481000
7036009
285478
8001000
2086
5072001
302010
6030076
234608
9000042
4001900
6100010
20078
8020380
9100307
2047067
900282
1020700
6001290
17849
1400424
64170
803005
610980
3780220
666
689240
9030471
1300705
2390910
4505
325411
700406
970
6420404
9060450
2300058
5000086
7070307
8001400
8145
784502
2014740
29704
8070866
8270049
828000
8269060
6934046
7180506
403603
800799
7076630
1809
80296
8090207
9030210
55000
500343
2307010
9180556
6005070
306104
7031002
6770109
3081065
908220
502
4044250
70610
20820
6230
220003
760000
3235
70920
6100006
789000
8700500
7074047
2058000
408907
7670009
300109
4053606
350080
351010
3000620
577800
226
674150
3000211
8602140
77307
9000048
180003
1010800
9203001
6170310
790200
238030
787000
4808301
6090035
1209744
8005907
5460880
3040034
800001
1008003
8800093
9446004
2007016
5701000
490027
628651
5500000
380570
3000090
7033700
79009
3100112
2070460
9774035
9040041
2230001
108400
309900
7064002
8000077
6071002
970000
750000
60800
2000200
3242806
500650
80223
9732000
3541400
7790
401600
8000830
5064609
940400
300720
1700005
7920030
3705940
7200001
3077020
4110001
30023
66890
909390
30810
9088
1180310
1670200
50060
1090001
905175
4063080
9040070
9970
600010
5007304
7476
9210000
8000702
330030
60014
8025080
9020000
500014
93380
60109
100043
9070507
9800
801066
7009202
590070
4120002
880520
2100020
7050000
6060050
5363
4660600
9000007
4075160
49270
699800
900049
800720
396009
5021035
600522
648040
420900
4009200
450805
7062000
6500064
9400002
98051
4009653
270097
502780
4209308
8505400
809030
1409400
3043600
9087510
660127
3400305
9007
80850
860067
40770
7720110
720070
515706
1168
5099000
4000290
191103
4222000
20007
5094102
3690010
90760
102830
501700
800960
840070
8690000
700860
320908
1101044
670749
8020000
590402
4709705
7249090
4003500
1920008
8804900
80150
71006
7000370
5061900
100668
903401
8042
208480
8150096
7005403
783007
7620005
50905
5090
8011040
903896
86000
2233052
60706
7900001
3000008
60027
5036700
5010031
260730
286505
780294
360608
536070
4830000
2086041
44505
8195100
2004090
3981309
4001005
1090030
8161102
4200360
8640696
266
9700570
644092
13504
1808004
6000301
7004009
9508657
208097
6600
3600091
9410040
201126
7850097
7077430
80403
2300091
3748
20038
18002
80519
2285057
8500060
3720006
604027
2080003
9100430
6007022
2000006
407050
504108
3004315
4092339
571
982052
50507
9305
2508441
6080009
4307001
9305004
3240077
2503000
640100
605030
7020007
986469
2002840
4090
705062
780705
30368
84300
2037200
3620534
4000790
700650
500201
39900
602341
20200
3420044
93800
3007141
5000002
80067
7800970
6083
8005860
206001
9302709
382367
924904
690906
352385
600600
4908009
90001
1402
7009437
5951030
872200
757099
7890600
2013303
2057000
2069005
604909
1011400
6670150
800231
10160
9076100
800854
1018
303009
208907
2005200
60520
2525370
4403004
408104
6076097
7360080
80716
7850
7300103
7008070
3401000
1814070
23400
3000904
8016019
4496440
6080309
1307091
2951000
460080
328000
3440520
4651106
8350000
6905507
1450
186900
10056
4003069
5084537
140000
2070950
60097
9306000
9080810
7030009
482400
9086685
1077070
1000939
7190000
6000020
1950300
6478090
6530
3104000
2875690
670008
1005200
6310072
9900071
608600
7030300
9508080
3200270
996000
105298
8380378
860030
1604000
7701740
9070134
9070814
3300900
8950000
5260003
3330300
6880210
768055
5009460
830200
7000980
8030543
7063000
80009
942
4194702
41047
3124480
5007030
4701650
1120000
5800061
1000075
5247087
9650100
2020011
979004
1040000
1007593
4039788
2004117
30260
5060017
50056
9767000
5930265
2000506
2178005
7530113
5593220
301502
7600051
4000670
45040
860340
9030590
60910
100002
2684010
700608
6197007
2000902
1050034
4360060
1380
700092
5007070
431
1200800
4200055
6041940
401390
3074817
220000
7800519
1001360
320010
3808504
5000504
7655
1480317
1010200
3339014
966208
3834010
7010635
8907
2705000
300852
8027
9402330
9030000
7807044
606766
948000
8000460
709006
3200004
660860
7300960
4505002
983082
2067802
504030
911070
1000217
5016054
8807
6500004
5080
1505420
9052010
10180
2800790
8002006
20505
2004700
9060200
6054040
9907
802802
5600003
343002
70611
5007360
9867005
8060507
4047054
230
7252
2820320
2470040
4308604
27008
6018400
1455075
4000709
18108
1020
7602589
4050676
106000
999091
938705
7076105
123
70067
950685
6867
6074630
6390008
6300205
6080082
338003
94031
3098063
3360780
4280001
6738210
1009067
6000900
47550
3730510
6000004
61784
6500087
1002808
6006632
4000869
61174
66900
1003006
300880
30670
2500
70850
2210000
9157073
8600370
8007
9194000
609040
6138040
57007
1003001
6645320
3022
973046
770051
8207800
9400032
2066020
186090
4800600
2108321
851399
806075
9038201
785703
3963087
430706
6006889
700040
7130616
60978
635603
8000246
20368
3088100
817
740049
1060039
7405001
127418
989
30390
5680040
4040502
9030008
3320330
6600101
6700400
3000183
3190068
509074
1091040
40075
4660799
5900900
837500
8210340
862200
750002
426007
44010
3406
39500
6900108
763904
702450
6340003
600074
8430607
3600022
56
4196908
320020
4000302
1001028
300010
1080030
6002064
8400206
9800003
1007026
8692700
5000993
7180262
2008023
3404004
66790
909700
136027
2060010
7250009
10308
724200
1055009
2008581
268009
1000210
20049
359000
6000070
7960006
350403
6300185
5056900
370000
6200
5105
4437000
5009006
257000
8040500
1007102
380602
409400
4680006
4030880
610520
700080
700510
860004
190300
470907
4901303
120550
9038030
420957
75130
86039
2008068
7006007
80307
3021080
5004608
133103
500033
4057301
8120620
9000024
20219
180900
4951030
409000
9060000
6734180
5080503
9690200
5373004
9073
8075040
66763
6003058
8030609
5600420
1230406
8104600
8440000
6800008
135600
190007
8023809
2305054
3500013
9001843
504480
3024645
102040
4908004
2400006
8230105
105002
385
1005020
140051
694308
8000074
6903500
1800035
8080090
600908
9000005
1067822
4206019
7003004
8307000
501005
8505005
1042559
1207104
5361506
600909
9036099
347654
3065000
4409
900720
470702
300060
917070
6400001
7647600
8008180
1017393
4140000
220810
7507410
7800430
9300709
7000900
538105
7080900
350700
1000300
11540
6000351
2401006
3491504
5007900
144300
7900038
30068
3500080
3882704
5000529
579046
208080
3817080
70033
7000640
9700050
5809090
3744550
860281
2035000
8501
5795010
9700063
12020
7600003
9200830
9000380
27800
8703008
6000910
8598000
7507040
1073408
17067
8043
2790506
738
7560078
5743403
519680
8850074
801309
910220
3104
6208300
800740
188
8055486
9550008
3006
60015
6740015
1490840
370095
960120
9982001
4001800
70011
2900054
8508003
880008
270540
4766000
3050820
4064040
4224040
120028
858004
170662
8045939
5404188
4800734
8429030
977005
9020464
2067005
3660
253
8050240
8017030
500243
80690
500970
508370
80706
3077000
7031602
7080050
49001
3300190
6000600
5047491
91890
6932072
7770105
82070
960060
590006
809401
2484052
5250170
862303
4083028
700503
2311108
600842
1200
809000
5006460
97880
95050
9064971
2432000
1069090
8019090
5000145
201903
8183770
6432060
32530
461920
62802
5300
6605480
2960008
81901
10040
1070764
400452
807607
302272
2013670
263760
6805061
37999
500901
3550350
1720
594019
40609
120600
7970019
5500008
52002
660001
5036001
3912
8344000
5956060
2002007
540548
701510
600002
4005074
4740676
1110100
19000
45391
5107987
6680270
1275500
6009
780600
399600
4186160
87802
60708
802150
2384063
9051940
3819
1020409
600710
10855
70300
7578010
1004430
2350000
2002500
7002010
3501000
205008
850402
200590
8404900
2980050
8905640
9090540
240878
508260
1043100
3680000
4110
5026050
200095
4270067
1000088
60544
600100
990055
7235003
509370
500800
8010059
1160157
1782080
3304
711684
32305
5171820
7293000
5047101
890408
7406930
703009
193090
6542007
5030623
4303000
1079683
144700
1040070
8720363
4503903
4402529
300431
850400
1203500
14015
9218701
3006520
4004006
8507700
8610026
783067
7000910
436000
80308
4323905
4866109
2220056
1404006
458040
1238
6180996
4420225
380208
7578020
92608
650013
2806001
44110
8006806
702801
6427012
8080473
2701035
93082
3071000
7800250
5392060
2675
1001
8685800
906069
3601070
406060
2430005
8010470
10091
4290839
607930
3389802
7065805
500092
10401
28034
7001105
721
2165040
8008659
6028060
609705
9200200
4676050
6550001
6480034
6060400
3036109
60317
4050060
9630036
2082402
1005700
7030038
870880
625703
9000608
855160
1785450
15270
6908003
14
6900300
350523
270061
9080102
85517
6600032
6404200
9620700
493009
9875009
103008
4440000
4902970
1003
1010883
1030040
10405
9046
701090
5035406
400080
2349306
770693
8000700
8055000
110004
10271
9508409
890860
341730
62022
6400060
470010
39404
2903000
890910
3096504
850003
7243608
8407110
32614
887080
3000701
8110917
210069
2505001
3109050
713382
20009
1030190
1102900
3660590
9510458
448060
9044608
3071480
7076800
5051000
5020053
8703006
7080805
695900
90107
742000
2800010
87006
8185700
5006000
3015
2770027
4620000
1360650
3004880
4600076
850089
8304030
9700
5850500
86500
899807
407400
1307030
4800
7404000
813066
2005540
480034
702550
603500
9617700
6011243
950330
600065
416004
2090037
430004
3240
5001030
10610
5040080
100050
500406
4802
600077
3090787
7060273
852100
6007200
60336
1576800
5590200
1300800
1001030
5004000
9100
3000165
4040023
500061
6566000
7714000
7790000
560404
891002
505566
5000890
7000327
7025806
7902700
6080002
58510
1209000
1020073
310040
5204500
4620120
80030
2810071
4211400
2056016
70533
865150
3337600
927611
5416060
666530
55600
5005009
3500500
1670000
2099023
3490950
2709001
20608
9010991
539511
120560
7000727
640068
72673
2000011
906008
4790002
700970
7051900
2813
4000704
53090
6000047
433000
398620
301803
200919
80550
3091200
7909700
8018960
200106
250071
9086070
4516830
3750025
603509
1045080
893507
980
8600000
9780004
1004040
1619090
3103
49607
9001070
500287
69010
9700436
2203700
2805908
120150
6800
8005
709804
9007800
7407060
5030003
41100
1810644
5009499
3000052
7002005
9920509
4000097
803020
95603
9230409
60070
3070730
5120305
4022072
6894
3023514
7308010
1930905
3600060
64604
8010961
5002185
49519
520401
6906600
9084030
2004002
6300007
9070017
900740
1600
2000710
5106
4047500
108000
7019300
2700202
6006004
7469000
9030004
5704001
4540010
1903940
6090095
510901
5111960
200170
5807080
800306
100320
5004047
2530011
57014
4378000
2000400
800040
1000360
6005046
9001120
1000377
8662000
94000
42990
211010
391632
2042
907050
3002002
6400901
4063709
800700
3305207
6308216
9749070
2010030
6463020
9004038
2602479
90004
90855
572600
3054900
8063080
5009050
6125350
4202577
3000085
2405004
261015
90600
4006074
7000100
150045
3549050
95965
9106609
78607
590079
3000049
9090097
408820
8807400
2000431
7890000
3040100
456000
9604040
5040370
8098022
780108
9440100
4002060
6488900
1600801
8760786
8396
6416050
6703000
406030
51300
4515
4000056
8200048
9610007
4040033
4000857
8908870
4020
175883
2887003
5571040
169922
4000050
1300019
10100
60022
7250310
4260099
90610
5568930
108100
705000
6701200
2640000
4150
8007000
70020
7090700
4408804
100070
600802
43900
8603000
3303096
7090090
272160
3002360
1050620
476524
5030050
2500040
3091909
759
92358
106610
10104
3950
102981
6005000
8150000
6090657
2576308
60600
433240
7055075
95070
207400
209900
9000006
9015938
5204100
11500
600640
7000390
9820000
6712
1000354
607461
7007800
3840600
309874
850
3051006
30500
98
7850012
556940
6439908
9101700
1190003
108628
6420
1019130
7070004
2009002
2007
405
6030713
898004
7080060
60570
9025903
63854
8109609
40670
1334004
6042026
804101
77500
1650044
5868089
6023205
9010904
100046
20556
4534900
224805
3110606
704040
9701150
6500330
506083
39001
10640
800099
517798
500663
69460
5040300
3008004
3002900
4523000
99700
720807
16900
8686050
743040
260906
10909
9660033
7191045
1000020
500608
2000096
33086
6023035
3068000
3501083
7099860
29010
366008
837009
9010893
6000501
590080
759809
2700460
3570000
400051
5749010
1000507
5606300
114
6047640
650800
2646
1001906
2800802
421160
430060
8100241
608867
71070
9756006
6030662
4800329
3000300
1076336
4002009
7000940
20492
7390707
1060917
3516860
8000506
1201950
31581
604007
4838050
6510
6523105
5108091
70008
1303002
338870
90406
130050
3300517
5258085
2092734
4703063
2009030
620513
5069230
9125300
780130
7099087
1000408
2000610
3050902
50710
900008
70206
5000770
6102000
5006100
6030008
11004
790130
2000796
4024008
230018
30008
6085900
6500205
8053020
1085070
2000080
7568160
2380824
4598100
78905
2500008
1090439
3000080
8000597
83081
6045703
1440631
780004
900570
31050
780042
705409
930020
918817
4813080
20500
9050823
89789
62305
530730
5005400
5108
572327
22309
1070829
506001
71815
3201032
8000802
1806477
4004699
5580060
5030079
101
5000008
9600900
8000930
5073970
8007464
392009
6060006
47700
35803
7119044
797010
100040
5920050
500007
205
6900000
2070072
310090
808806
733000
30685
59020
2760657
3402339
6010000
958006
2091607
8206690
6505700
7965000
8310
904003
705008
761040
3050700
507907
590046
807150
740900
860300
4000009
6300036
8088630
8270937
3604090
668
1000550
22400
7001880
3307
170619
8063506
3030302
9016700
2000030
1840065
7091050
40580
8459802
6911407
2096380
726302
1009031
9703207
1009823
9000022
8408800
55052
5500
7017500
1990
7022046
2308001
903006
700308
56003
9567802
6000660
5740006
70005
8643000
703800
7007086
3402073
2550700
377822
2500000
6095006
4061000
4501080
704603
4490108
8089070
5920010
8068012
20574
9000095
6705403
4047900
590360
9082016
9728770
2030702
30908
1490743
40004
905709
2703070
5050700
4700830
520780
8000250
8010432
5049373
2090700
2485000
2110710
2090000
85639
230390
860990
701706
604000
501616
741040
9911810
7517004
3510700
350098
6730055
1822306
400015
8900050
2098006
300926
50006
2000171
360802
27414
6056013
301039
2015500
8010170
4001003
4568607
5280609
3404009
952046
10703
3560800
301
60096
3072040
602402
701458
26486
6006400
6400088
1320246
401002
504045
8063202
5563007
711000
5200300
902
6750622
7182710
2210070
200064
929513
331809
46771
6176000
800835
872500
900889
9501002
4000667
3106020
400021
8367087
135005
