3
0
7 7 7
50 100 300 500 700 1000 2000
50 100 300 500 700 1000 2000
50 100 300 500 700 1000 2000
1.96889e+10 6.09979e+10 7.98233e+10 4.87586e+10 5.2405e+10 5.60563e+10 5.86849e+10 4.5861e+10 4.69506e+10 6.95999e+10 8.09048e+10 8.50516e+10 8.93268e+10 1.03432e+11 4.1385e+10 7.92194e+10 1.15467e+11 1.43946e+11 1.54469e+11 1.23661e+11 1.69836e+11 5.75387e+10 9.13768e+10 1.38869e+11 1.64097e+11 1.47797e+11 1.66064e+11 1.96325e+11 6.23986e+10 1.00966e+11 1.52316e+11 1.53028e+11 1.70278e+11 1.89843e+11 2.20686e+11 6.61564e+10 1.03355e+11 1.3109e+11 1.67618e+11 1.84652e+11 2.01071e+11 2.31598e+11 6.90689e+10 1.13074e+11 1.58908e+11 1.91801e+11 2.07387e+11 2.22931e+11 2.49461e+11 5.02614e+10 5.29605e+10 5.21349e+10 5.85916e+10 5.77653e+10 6.49279e+10 6.40486e+10 5.12216e+10 4.35706e+10 8.96962e+10 9.80681e+10 9.88379e+10 1.03162e+11 1.24296e+11 7.02593e+10 1.06924e+11 1.60612e+11 1.97266e+11 2.06728e+11 1.86602e+11 2.33406e+11 7.87253e+10 1.28511e+11 2.1077e+11 2.26883e+11 2.30843e+11 2.5831e+11 2.76634e+11 8.61003e+10 1.40925e+11 2.41892e+11 2.46599e+11 2.69013e+11 2.89098e+11 3.03764e+11 8.86674e+10 1.53216e+11 2.34594e+11 2.74563e+11 2.88588e+11 3.08244e+11 3.21641e+11 1.0128e+11 1.71256e+11 2.82307e+11 3.15681e+11 3.29205e+11 3.48205e+11 3.5143e+11 5.12435e+10 5.5893e+10 6.98243e+10 7.48374e+10 7.53897e+10 7.7924e+10 8.12211e+10 7.424e+10 9.23766e+10 1.2795e+11 1.35412e+11 1.36267e+11 1.41763e+11 1.53376e+11 1.2026e+11 1.51839e+11 2.40323e+11 2.62183e+11 2.57099e+11 2.87352e+11 3.13394e+11 1.50058e+11 1.85754e+11 2.59169e+11 3.14147e+11 3.31879e+11 3.67294e+11 3.7555e+11 1.60454e+11 2.00293e+11 3.38543e+11 3.52542e+11 3.88941e+11 4.12138e+11 4.12693e+11 1.37869e+11 2.00433e+11 3.59704e+11 3.68727e+11 4.06283e+11 4.37589e+11 4.31374e+11 1.7457e+11 2.24633e+11 4.02217e+11 4.11084e+11 4.4027e+11 4.58963e+11 4.5753e+11 5.54127e+10 6.60057e+10 7.82006e+10 8.30046e+10 8.44163e+10 8.64094e+10 9.13789e+10 8.45838e+10 1.0376e+11 1.36532e+11 1.43871e+11 1.50683e+11 1.57945e+11 1.66116e+11 1.52244e+11 1.8354e+11 2.88734e+11 2.83155e+11 3.10214e+11 3.35742e+11 3.36097e+11 1.73259e+11 2.10776e+11 3.46925e+11 3.59765e+11 3.89205e+11 4.04557e+11 4.09405e+11 1.67032e+11 2.17919e+11 3.97484e+11 4.06312e+11 4.44668e+11 4.69136e+11 4.49475e+11 1.79004e+11 2.35012e+11 4.2756e+11 4.32874e+11 4.83127e+11 5.01621e+11 4.86027e+11 1.99917e+11 2.54015e+11 4.83608e+11 4.70459e+11 5.11878e+11 5.34912e+11 5.3808e+11 5.88473e+10 6.81683e+10 8.00598e+10 8.37156e+10 8.55708e+10 8.7249e+10 9.70037e+10 9.18454e+10 1.06459e+11 1.4262e+11 1.47116e+11 1.60744e+11 1.58257e+11 1.68062e+11 1.63835e+11 1.95704e+11 2.8446e+11 3.09005e+11 3.38615e+11 3.49516e+11 3.3607e+11 1.64509e+11 2.11161e+11 3.67853e+11 3.84559e+11 4.0803e+11 4.28492e+11 4.09656e+11 1.80582e+11 2.33583e+11 4.37627e+11 4.35375e+11 4.74019e+11 4.94473e+11 4.56026e+11 1.98213e+11 2.49364e+11 4.56142e+11 4.67188e+11 5.03475e+11 5.2296e+11 5.01955e+11 2.16704e+11 2.70105e+11 5.07235e+11 5.02793e+11 5.49737e+11 5.84427e+11 5.67576e+11 6.09314e+10 7.20373e+10 8.43806e+10 8.72674e+10 9.04383e+10 9.51264e+10 9.69719e+10 9.9937e+10 1.13842e+11 1.49812e+11 1.42675e+11 1.6403e+11 1.74157e+11 1.7168e+11 1.43865e+11 1.91734e+11 3.29193e+11 3.58173e+11 3.67502e+11 3.73298e+11 3.42779e+11 1.86756e+11 2.40115e+11 4.17666e+11 4.25224e+11 4.70301e+11 4.80411e+11 4.28415e+11 2.05062e+11 2.6321e+11 4.76016e+11 4.80795e+11 5.12935e+11 5.25967e+11 4.85664e+11 2.24666e+11 2.80049e+11 5.11964e+11 5.10537e+11 5.49176e+11 5.62307e+11 5.39745e+11 2.47237e+11 3.03755e+11 5.68749e+11 5.62207e+11 6.07562e+11 6.30651e+11 6.39888e+11 6.6143e+10 7.48357e+10 8.43661e+10 9.18344e+10 9.89944e+10 9.86483e+10 8.08573e+10 1.13599e+11 1.29742e+11 1.62481e+11 1.7618e+11 1.82883e+11 1.77064e+11 1.46562e+11 1.83878e+11 2.31513e+11 3.78742e+11 3.79026e+11 3.85621e+11 3.66618e+11 3.20795e+11 2.23631e+11 2.70202e+11 4.66294e+11 4.58852e+11 4.72213e+11 4.6281e+11 4.26064e+11 2.40291e+11 2.91682e+11 5.26501e+11 5.07501e+11 5.24308e+11 5.19241e+11 5.04867e+11 2.55676e+11 3.06355e+11 5.60871e+11 5.38674e+11 5.67745e+11 5.75997e+11 5.68511e+11 2.79117e+11 3.28571e+11 6.31432e+11 6.10609e+11 6.59688e+11 7.00001e+11 4.37142e+11
1
7 7 7
50 100 300 500 700 1000 2000
50 100 300 500 700 1000 2000
50 100 300 500 700 1000 2000
4.87852e+10 5.13479e+10 8.07363e+10 4.86159e+10 5.15616e+10 5.52669e+10 5.98569e+10 4.28266e+10 4.61968e+10 6.6986e+10 8.04887e+10 8.41275e+10 8.72966e+10 9.43866e+10 4.48685e+10 7.57537e+10 1.11283e+11 1.25945e+11 1.33251e+11 1.12124e+11 1.48369e+11 5.44656e+10 8.55249e+10 1.20488e+11 1.36438e+11 1.27506e+11 1.40459e+11 1.63269e+11 5.94359e+10 9.25736e+10 1.27636e+11 1.2866e+11 1.40218e+11 1.53687e+11 1.75808e+11 6.16082e+10 9.62946e+10 1.1119e+11 1.38515e+11 1.5123e+11 1.66962e+11 1.86875e+11 6.43923e+10 1.07158e+11 1.30928e+11 1.53118e+11 1.65099e+11 1.78357e+11 1.9312e+11 5.24136e+10 5.49707e+10 5.19314e+10 5.82995e+10 5.76229e+10 6.48609e+10 6.37611e+10 5.20508e+10 4.46414e+10 8.52466e+10 9.86563e+10 1.02758e+11 1.03576e+11 1.2171e+11 6.17659e+10 1.03301e+11 1.5745e+11 1.89051e+11 1.96171e+11 1.80986e+11 2.20252e+11 7.17885e+10 1.22869e+11 2.04865e+11 2.05923e+11 2.11249e+11 2.40138e+11 2.56616e+11 7.68644e+10 1.33343e+11 2.3312e+11 2.23078e+11 2.35727e+11 2.61771e+11 2.77321e+11 7.93805e+10 1.4465e+11 2.20386e+11 2.43938e+11 2.53654e+11 2.91737e+11 2.96711e+11 9.4385e+10 1.54384e+11 2.59348e+11 2.72929e+11 2.81064e+11 3.17289e+11 3.14672e+11 5.52242e+10 5.52593e+10 6.89978e+10 7.50231e+10 8.18299e+10 7.74758e+10 8.15168e+10 6.96565e+10 8.77629e+10 1.22584e+11 1.31213e+11 1.36106e+11 1.41533e+11 1.53187e+11 1.17368e+11 1.47958e+11 2.3679e+11 2.57295e+11 2.49737e+11 2.79889e+11 3.05616e+11 1.44608e+11 1.84613e+11 2.51652e+11 2.99573e+11 3.14483e+11 3.48169e+11 3.59497e+11 1.57435e+11 1.9914e+11 3.23097e+11 3.32999e+11 3.61424e+11 3.87556e+11 3.86953e+11 1.35735e+11 1.96918e+11 3.46145e+11 3.48041e+11 3.79298e+11 4.0863e+11 4.10992e+11 1.68094e+11 2.16284e+11 3.78124e+11 3.81458e+11 4.10055e+11 4.34764e+11 4.39516e+11 5.45447e+10 6.54027e+10 7.84634e+10 8.6028e+10 8.51221e+10 8.6361e+10 9.15911e+10 8.23255e+10 1.02907e+11 1.3704e+11 1.43626e+11 1.5086e+11 1.56861e+11 1.65535e+11 1.48985e+11 1.82581e+11 2.87108e+11 2.78139e+11 3.02713e+11 3.29994e+11 3.28559e+11 1.70505e+11 2.08287e+11 3.39853e+11 3.46109e+11 3.69273e+11 3.89343e+11 3.98762e+11 1.64332e+11 2.15735e+11 3.85442e+11 3.87329e+11 4.20089e+11 4.51579e+11 4.32212e+11 1.75066e+11 2.31734e+11 4.12333e+11 4.12331e+11 4.55823e+11 4.78913e+11 4.68074e+11 1.93105e+11 2.45256e+11 4.60037e+11 4.4713e+11 4.8392e+11 5.09626e+11 5.12786e+11 5.99952e+10 7.03804e+10 8.41543e+10 8.31292e+10 8.57918e+10 8.72661e+10 9.7352e+10 8.9414e+10 1.06235e+11 1.4202e+11 1.47774e+11 1.60077e+11 1.57947e+11 1.67857e+11 1.62352e+11 1.93391e+11 2.79221e+11 3.0308e+11 3.3221e+11 3.45541e+11 3.31309e+11 1.63364e+11 2.08741e+11 3.59793e+11 3.74481e+11 3.93757e+11 4.17779e+11 3.99826e+11 1.75809e+11 2.33322e+11 4.23319e+11 4.18272e+11 4.54684e+11 4.77449e+11 4.46653e+11 1.9491e+11 2.47146e+11 4.43315e+11 4.48841e+11 4.83629e+11 4.70387e+11 4.88091e+11 2.13333e+11 2.63876e+11 4.87993e+11 4.82275e+11 5.2508e+11 5.62669e+11 5.47747e+11 6.06936e+10 7.16797e+10 8.40764e+10 8.77078e+10 9.0314e+10 9.54881e+10 9.72272e+10 9.77336e+10 1.13218e+11 1.48967e+11 1.40378e+11 1.63977e+11 1.74676e+11 1.70437e+11 1.42926e+11 1.89027e+11 3.26543e+11 3.53502e+11 3.65028e+11 3.70506e+11 3.35747e+11 1.85492e+11 2.37682e+11 4.09035e+11 4.18153e+11 4.61045e+11 4.72409e+11 4.20782e+11 2.02364e+11 2.59002e+11 4.64849e+11 4.65245e+11 5.01232e+11 5.0748e+11 4.73577e+11 2.21364e+11 2.74095e+11 5.01763e+11 4.95404e+11 5.33495e+11 5.49534e+11 5.26469e+11 2.42589e+11 2.95418e+11 5.55475e+11 5.45095e+11 5.89714e+11 6.11998e+11 6.24828e+11 6.56799e+10 7.50285e+10 8.44965e+10 9.12995e+10 9.88102e+10 9.88572e+10 7.99217e+10 1.13939e+11 1.29694e+11 1.62106e+11 1.762e+11 1.82974e+11 1.76227e+11 1.44753e+11 1.85251e+11 2.31075e+11 3.7755e+11 3.74956e+11 3.8331e+11 3.63311e+11 3.1584e+11 2.22669e+11 2.69756e+11 4.61391e+11 4.54265e+11 4.68004e+11 4.5709e+11 4.20925e+11 2.3926e+11 2.90861e+11 5.1726e+11 4.98193e+11 5.15279e+11 5.09117e+11 4.98327e+11 2.53743e+11 3.03831e+11 5.52065e+11 5.30387e+11 5.57814e+11 5.67256e+11 5.60963e+11 2.75652e+11 3.22304e+11 6.19548e+11 6.00355e+11 6.47543e+11 6.89939e+11 4.33827e+11
2
7 7 7
50 100 300 500 700 1000 2000
50 100 300 500 700 1000 2000
50 100 300 500 700 1000 2000
3.18695e+10 3.51062e+10 4.1742e+10 4.92407e+10 5.18542e+10 5.61051e+10 5.8554e+10 3.47705e+10 4.25813e+10 6.94163e+10 8.09736e+10 8.42237e+10 8.86513e+10 1.01748e+11 4.75851e+10 7.63709e+10 1.14929e+11 1.43642e+11 1.52549e+11 1.23117e+11 1.67463e+11 5.44811e+10 8.88731e+10 1.37058e+11 1.63275e+11 1.47827e+11 1.66346e+11 1.94788e+11 5.93683e+10 9.84404e+10 1.52206e+11 1.4858e+11 1.67774e+11 1.85712e+11 2.18874e+11 6.41638e+10 1.03509e+11 1.22799e+11 1.68961e+11 1.83649e+11 1.99755e+11 2.28861e+11 6.97993e+10 1.13734e+11 1.57797e+11 1.9313e+11 2.06504e+11 2.23043e+11 2.46243e+11 3.44329e+10 3.46897e+10 5.1157e+10 5.39901e+10 6.14458e+10 6.50138e+10 6.35992e+10 3.91053e+10 5.71821e+10 8.50177e+10 9.35108e+10 1.03465e+11 1.02601e+11 1.23538e+11 7.45805e+10 1.08257e+11 1.60854e+11 1.97481e+11 2.07304e+11 1.87826e+11 2.32342e+11 8.69611e+10 1.26637e+11 2.08742e+11 2.23603e+11 2.25322e+11 2.52201e+11 2.74883e+11 9.36524e+10 1.4029e+11 2.42212e+11 2.38479e+11 2.60453e+11 2.85644e+11 3.02659e+11 9.74137e+10 1.49953e+11 2.24058e+11 2.6689e+11 2.8373e+11 3.12908e+11 3.21152e+11 1.17931e+11 1.69806e+11 2.75757e+11 3.08829e+11 3.2371e+11 3.47563e+11 3.4792e+11 4.48887e+10 5.61956e+10 6.90031e+10 7.94521e+10 8.18243e+10 7.76274e+10 8.12038e+10 7.06481e+10 9.22183e+10 1.28649e+11 1.36062e+11 1.35589e+11 1.47301e+11 1.51171e+11 1.23991e+11 1.52655e+11 2.411e+11 2.6498e+11 2.57458e+11 2.81896e+11 3.14968e+11 1.58024e+11 1.94245e+11 2.58816e+11 3.14819e+11 3.33722e+11 3.64958e+11 3.67906e+11 1.75994e+11 2.15853e+11 3.32674e+11 3.59399e+11 3.97472e+11 4.04868e+11 4.06239e+11 1.45011e+11 2.06069e+11 3.66961e+11 3.82499e+11 4.0917e+11 4.2589e+11 4.28098e+11 1.96208e+11 2.4573e+11 4.18576e+11 4.24193e+11 4.49352e+11 4.66535e+11 4.6809e+11 5.33937e+10 6.40726e+10 7.86244e+10 8.28564e+10 8.49826e+10 8.62322e+10 9.13207e+10 8.74279e+10 1.04406e+11 1.42175e+11 1.43897e+11 1.509e+11 1.46288e+11 1.66309e+11 1.60141e+11 1.88098e+11 2.98852e+11 2.81936e+11 3.11146e+11 3.37196e+11 3.37704e+11 1.84555e+11 2.18017e+11 3.43317e+11 3.68963e+11 3.94252e+11 4.07271e+11 4.05591e+11 1.77227e+11 2.24542e+11 3.97269e+11 4.17715e+11 4.52136e+11 4.74754e+11 4.53724e+11 1.99306e+11 2.48218e+11 4.43003e+11 4.43907e+11 4.92913e+11 5.09672e+11 4.88818e+11 2.31223e+11 2.793e+11 5.08985e+11 4.86387e+11 5.25633e+11 5.44722e+11 5.42471e+11 6.01054e+10 6.79084e+10 7.95797e+10 8.36134e+10 8.53868e+10 8.72206e+10 9.72088e+10 9.12189e+10 1.08451e+11 1.4215e+11 1.4814e+11 1.61292e+11 1.5791e+11 1.68292e+11 1.67689e+11 1.96972e+11 2.79359e+11 3.1859e+11 3.4436e+11 3.52835e+11 3.36119e+11 1.70015e+11 2.15916e+11 3.75143e+11 3.84659e+11 4.25299e+11 4.42439e+11 4.10667e+11 1.96767e+11 2.41541e+11 4.39196e+11 4.55667e+11 4.85146e+11 4.95405e+11 4.63069e+11 2.1493e+11 2.59345e+11 4.89198e+11 4.82294e+11 5.15586e+11 5.06264e+11 5.05306e+11 2.47432e+11 2.89508e+11 5.29574e+11 5.18534e+11 5.6451e+11 5.93706e+11 5.70635e+11 6.17322e+10 7.21407e+10 8.38405e+10 8.75198e+10 9.02971e+10 9.54132e+10 9.65936e+10 1.00754e+11 1.14614e+11 1.50635e+11 1.39556e+11 1.64193e+11 1.74577e+11 1.71269e+11 1.35466e+11 1.90405e+11 3.30243e+11 3.58217e+11 3.68286e+11 3.78766e+11 3.41616e+11 1.92766e+11 2.45999e+11 4.27759e+11 4.29951e+11 4.74173e+11 4.86037e+11 4.25559e+11 2.19242e+11 2.70681e+11 4.95299e+11 4.88229e+11 5.21208e+11 5.32315e+11 4.84958e+11 2.39673e+11 2.93823e+11 5.31263e+11 5.20727e+11 5.57819e+11 5.67217e+11 5.39025e+11 2.77609e+11 3.23503e+11 5.93523e+11 5.77366e+11 6.18077e+11 6.39505e+11 6.4145e+11 6.71826e+10 7.5785e+10 8.43176e+10 9.14601e+10 9.9e+10 9.90824e+10 8.00973e+10 1.16675e+11 1.30102e+11 1.61613e+11 1.75815e+11 1.82793e+11 1.77223e+11 1.45074e+11 1.81916e+11 2.29268e+11 3.7941e+11 3.77643e+11 3.85418e+11 3.65334e+11 3.19219e+11 2.20321e+11 2.71174e+11 4.65762e+11 4.55907e+11 4.70067e+11 4.59723e+11 4.21911e+11 2.3581e+11 2.91682e+11 5.24675e+11 5.04686e+11 5.21191e+11 5.16184e+11 5.00935e+11 2.57821e+11 3.07739e+11 5.60017e+11 5.36621e+11 5.65127e+11 5.71948e+11 5.65288e+11 2.88009e+11 3.33081e+11 6.32517e+11 6.11437e+11 6.57112e+11 6.97378e+11 4.37814e+11
3
7 7 7
50 100 300 500 700 1000 2000
50 100 300 500 700 1000 2000
50 100 300 500 700 1000 2000
4.11184e+10 4.17467e+10 4.66636e+10 4.84308e+10 5.24899e+10 5.51007e+10 5.83211e+10 4.19903e+10 4.63865e+10 6.71081e+10 8.10806e+10 8.3695e+10 8.71304e+10 9.38573e+10 4.27631e+10 7.41391e+10 1.09508e+11 1.24708e+11 1.33866e+11 1.09235e+11 1.46017e+11 5.32748e+10 8.3804e+10 1.19528e+11 1.36684e+11 1.25828e+11 1.39471e+11 1.62241e+11 5.79571e+10 9.12159e+10 1.27099e+11 1.25102e+11 1.38067e+11 1.52099e+11 1.73867e+11 6.04065e+10 9.51262e+10 1.07399e+11 1.37504e+11 1.49572e+11 1.65145e+11 1.86213e+11 6.4081e+10 1.07871e+11 1.29066e+11 1.5272e+11 1.64441e+11 1.77298e+11 1.93029e+11 4.43341e+10 4.20964e+10 4.81688e+10 5.41193e+10 5.72799e+10 6.07251e+10 6.39287e+10 4.32872e+10 4.98027e+10 8.78394e+10 9.25352e+10 1.02964e+11 1.03189e+11 1.23076e+11 6.7487e+10 1.00889e+11 1.6001e+11 1.89283e+11 1.90165e+11 1.762e+11 2.17679e+11 7.81781e+10 1.25158e+11 2.03035e+11 2.07795e+11 2.02708e+11 2.31164e+11 2.48061e+11 8.41498e+10 1.34143e+11 2.29215e+11 2.19496e+11 2.28144e+11 2.62022e+11 2.76182e+11 8.66893e+10 1.45157e+11 2.15198e+11 2.38039e+11 2.45861e+11 2.87171e+11 2.95294e+11 1.07746e+11 1.56314e+11 2.49577e+11 2.68978e+11 2.7227e+11 3.14903e+11 3.12832e+11 4.46375e+10 5.2968e+10 6.92289e+10 7.49558e+10 7.55272e+10 7.74986e+10 8.1491e+10 7.24681e+10 8.83431e+10 1.27467e+11 1.35146e+11 1.34868e+11 1.47913e+11 1.51458e+11 1.15436e+11 1.48244e+11 2.34027e+11 2.66011e+11 2.46247e+11 2.80119e+11 3.04733e+11 1.56731e+11 1.89473e+11 2.52983e+11 3.01364e+11 3.17371e+11 3.51252e+11 3.51092e+11 1.72734e+11 2.09653e+11 3.17476e+11 3.3887e+11 3.58629e+11 3.8181e+11 3.90213e+11 1.41706e+11 2.06115e+11 3.51956e+11 3.55054e+11 3.94105e+11 4.13196e+11 4.14856e+11 1.92972e+11 2.35644e+11 3.9576e+11 3.9366e+11 4.1804e+11 4.41092e+11 4.43084e+11 5.44241e+10 6.50419e+10 7.83867e+10 8.33682e+10 8.46441e+10 8.61741e+10 9.21417e+10 8.29518e+10 1.01088e+11 1.36717e+11 1.43397e+11 1.50909e+11 1.61932e+11 1.66208e+11 1.55632e+11 1.87132e+11 2.94979e+11 2.75355e+11 3.03579e+11 3.34941e+11 3.30315e+11 1.80378e+11 2.0437e+11 3.41339e+11 3.57798e+11 3.79675e+11 3.9495e+11 3.9954e+11 1.74022e+11 2.24827e+11 3.9149e+11 3.97653e+11 4.27139e+11 4.4852e+11 4.36222e+11 1.95377e+11 2.45464e+11 4.3093e+11 4.24165e+11 4.66903e+11 4.88033e+11 4.71419e+11 2.26278e+11 2.72541e+11 4.85401e+11 4.6154e+11 4.94662e+11 5.23013e+11 5.09881e+11 5.72888e+10 6.74475e+10 7.9956e+10 8.32765e+10 8.60978e+10 8.71626e+10 9.764e+10 9.01295e+10 1.07749e+11 1.42309e+11 1.47863e+11 1.60795e+11 1.58098e+11 1.6776e+11 1.64019e+11 1.95372e+11 2.73395e+11 3.16353e+11 3.38583e+11 3.48593e+11 3.32387e+11 1.70302e+11 2.13622e+11 3.70243e+11 3.7659e+11 4.12017e+11 4.31585e+11 4.03425e+11 1.93863e+11 2.40299e+11 4.31693e+11 4.37921e+11 4.67349e+11 4.77446e+11 4.47728e+11 2.12493e+11 2.62059e+11 4.69606e+11 4.63715e+11 4.95759e+11 4.93904e+11 4.92161e+11 2.42813e+11 2.87611e+11 5.12515e+11 4.97659e+11 5.38319e+11 5.72018e+11 5.51463e+11 6.15078e+10 7.18383e+10 8.41345e+10 8.73786e+10 9.01074e+10 9.57494e+10 9.69896e+10 9.89266e+10 1.14131e+11 1.49606e+11 1.39709e+11 1.64626e+11 1.74876e+11 1.71159e+11 1.33333e+11 1.86062e+11 3.27325e+11 3.59399e+11 3.62417e+11 3.74789e+11 3.37297e+11 1.8953e+11 2.43177e+11 4.23893e+11 4.22519e+11 4.67252e+11 4.78982e+11 4.20147e+11 2.09713e+11 2.68498e+11 4.84289e+11 4.80094e+11 5.08411e+11 5.16355e+11 4.75133e+11 2.38963e+11 2.91019e+11 5.21313e+11 5.08001e+11 5.42089e+11 5.5796e+11 5.27836e+11 2.77509e+11 3.13651e+11 5.79645e+11 5.59388e+11 6.01308e+11 6.18613e+11 6.28666e+11 6.73052e+10 7.56806e+10 8.33269e+10 9.13837e+10 9.87347e+10 9.88269e+10 8.0025e+10 1.16485e+11 1.2912e+11 1.61079e+11 1.75525e+11 1.82627e+11 1.76416e+11 1.44994e+11 1.80585e+11 2.33519e+11 3.76918e+11 3.75014e+11 3.82765e+11 3.63706e+11 3.17482e+11 2.17724e+11 2.69496e+11 4.61384e+11 4.52379e+11 4.64762e+11 4.55907e+11 4.20002e+11 2.37333e+11 2.89445e+11 5.19492e+11 4.97376e+11 5.14719e+11 5.09222e+11 4.96616e+11 2.55625e+11 3.04499e+11 5.51716e+11 5.28942e+11 5.57129e+11 5.65838e+11 5.6047e+11 2.85016e+11 3.27743e+11 6.21033e+11 6.00208e+11 6.46731e+11 6.88707e+11 4.3208e+11
