16
0
7 7
50 100 300 500 700 1000 2000
50 100 300 500 700 1000 2000
4.41657e+08 1.45624e+09 1.61908e+09 1.72515e+09 1.05396e+09 1.00842e+09 1.02623e+09 1.60411e+09 1.62866e+09 1.76284e+09 1.72945e+09 9.97229e+08 1.0301e+09 5.0775e+08 1.6742e+09 1.65837e+09 1.55724e+09 5.60494e+08 4.79136e+08 5.07889e+08 4.97317e+08 1.78412e+09 1.65306e+09 5.58691e+08 5.58574e+08 4.79499e+08 5.10244e+08 2.21571e+08 1.79166e+09 1.59907e+09 5.57292e+08 5.58426e+08 4.79945e+08 5.09874e+08 2.17417e+08 1.7642e+09 1.40005e+09 6.00629e+08 6.02372e+08 5.06446e+08 4.12016e+08 2.22878e+08 1.35302e+09 5.60612e+08 4.7374e+08 4.10787e+08 4.14843e+08 3.96807e+08 2.1284e+08
16
7 7
50 100 300 500 700 1000 2000
50 100 300 500 700 1000 2000
2.90192e+09 3.15657e+09 3.35683e+09 3.4009e+09 3.42282e+09 3.43796e+09 3.12422e+09 3.24149e+09 3.38123e+09 3.50406e+09 3.52311e+09 3.48736e+09 3.18172e+09 1.28065e+09 3.31602e+09 3.37572e+09 3.24056e+09 1.28186e+09 1.28796e+09 1.28966e+09 1.29392e+09 3.44566e+09 3.48979e+09 1.29477e+09 1.29152e+09 1.2928e+09 1.29667e+09 1.28994e+09 3.50983e+09 3.48614e+09 1.29301e+09 1.29532e+09 1.28828e+09 1.29154e+09 1.29544e+09 3.54849e+09 3.24118e+09 1.29325e+09 1.29624e+09 1.29862e+09 1.29219e+09 1.29421e+09 3.24076e+09 1.28921e+09 1.29538e+09 1.29596e+09 1.30183e+09 1.29028e+09 1.30223e+09
