30
0
7
50 100 300 500 700 1000 2000
1.49297e+10 4.81985e+10 1.85221e+11 1.78694e+11 2.38542e+11 3.24242e+11 4.2948e+11
2
7
50 100 300 500 700 1000 2000
1.43014e+10 4.42487e+10 1.68986e+11 1.86813e+11 2.43047e+11 3.2634e+11 4.19482e+11
4
7
50 100 300 500 700 1000 2000
1.50446e+10 5.05151e+10 1.94788e+11 1.8569e+11 2.43489e+11 3.30819e+11 4.29233e+11
6
7
50 100 300 500 700 1000 2000
1.40921e+10 4.53787e+10 1.71463e+11 1.91346e+11 2.49243e+11 3.32452e+11 4.1943e+11
8
7
50 100 300 500 700 1000 2000
1.57395e+10 4.92742e+10 1.72113e+11 1.79172e+11 2.31301e+11 3.19321e+11 4.22692e+11
10
7
50 100 300 500 700 1000 2000
1.51383e+10 4.61716e+10 1.90389e+11 1.88152e+11 2.46687e+11 3.29267e+11 4.23502e+11
12
7
50 100 300 500 700 1000 2000
1.48818e+10 5.14839e+10 1.7646e+11 1.8904e+11 2.36963e+11 3.25124e+11 4.2649e+11
14
7
50 100 300 500 700 1000 2000
1.47234e+10 4.70317e+10 1.94974e+11 1.94487e+11 2.53832e+11 3.3747e+11 4.28629e+11
16
7
50 100 300 500 700 1000 2000
7.3085e+09 3.25795e+10 1.30759e+11 1.61426e+11 2.16378e+11 2.84274e+11 4.04366e+11
18
7
50 100 300 500 700 1000 2000
6.91839e+09 3.0882e+10 1.32297e+11 1.56437e+11 2.0227e+11 2.60939e+11 3.61858e+11
20
7
50 100 300 500 700 1000 2000
7.33179e+09 3.26975e+10 1.33626e+11 1.65659e+11 2.20811e+11 2.84911e+11 4.03953e+11
22
7
50 100 300 500 700 1000 2000
6.95969e+09 3.21985e+10 1.34961e+11 1.61699e+11 2.05529e+11 2.60272e+11 3.66014e+11
24
7
50 100 300 500 700 1000 2000
5.9468e+09 2.62667e+10 1.30936e+11 1.66803e+11 2.24628e+11 2.89644e+11 3.86553e+11
26
7
50 100 300 500 700 1000 2000
6.31466e+09 3.32953e+10 1.3185e+11 1.48912e+11 1.92839e+11 2.49854e+11 3.66907e+11
28
7
50 100 300 500 700 1000 2000
5.97248e+09 3.26776e+10 1.32881e+11 1.77468e+11 2.2863e+11 2.93529e+11 3.94863e+11
30
7
50 100 300 500 700 1000 2000
6.44458e+09 3.3983e+10 1.33247e+11 1.53544e+11 1.99561e+11 2.55256e+11 3.70477e+11
