28
0
7
50 100 300 500 700 1000 2000
7.59875e+09 1.07599e+10 6.2268e+10 1.07471e+11 1.46174e+11 2.07951e+11 3.32651e+11
4
7
50 100 300 500 700 1000 2000
7.48852e+09 9.98277e+09 6.23692e+10 1.08406e+11 1.47146e+11 2.09915e+11 3.32566e+11
8
7
50 100 300 500 700 1000 2000
9.08945e+09 6.77935e+09 5.57945e+10 1.03569e+11 1.37975e+11 1.91282e+11 3.23077e+11
12
7
50 100 300 500 700 1000 2000
9.01402e+09 8.09855e+09 5.58828e+10 1.04346e+11 1.38982e+11 1.93242e+11 3.23024e+11
16
7
50 100 300 500 700 1000 2000
4.08385e+09 1.07463e+10 5.52229e+10 9.40935e+10 1.29422e+11 1.70619e+11 2.72043e+11
20
7
50 100 300 500 700 1000 2000
4.05439e+09 1.07884e+10 5.5178e+10 9.50401e+10 1.30453e+11 1.72854e+11 2.73024e+11
24
7
50 100 300 500 700 1000 2000
4.63132e+09 9.10516e+09 4.9719e+10 9.03269e+10 1.23939e+11 1.60414e+11 2.66161e+11
28
7
50 100 300 500 700 1000 2000
4.58729e+09 9.06779e+09 4.96043e+10 9.11983e+10 1.24773e+11 1.62348e+11 2.67256e+11
