30
0
7
50 100 300 500 700 1000 2000
1.15149e+10 3.43903e+10 9.2783e+10 1.19958e+11 1.59939e+11 2.17697e+11 3.22634e+11
2
7
50 100 300 500 700 1000 2000
1.11264e+10 3.14416e+10 9.35901e+10 1.23603e+11 1.6029e+11 2.17735e+11 3.16095e+11
4
7
50 100 300 500 700 1000 2000
1.14443e+10 3.58134e+10 9.4383e+10 1.22112e+11 1.61806e+11 2.21278e+11 3.26522e+11
6
7
50 100 300 500 700 1000 2000
1.10122e+10 3.21038e+10 9.67196e+10 1.26723e+11 1.63321e+11 2.21226e+11 3.199e+11
8
7
50 100 300 500 700 1000 2000
1.16768e+10 3.34773e+10 9.31548e+10 1.15437e+11 1.54154e+11 2.11775e+11 3.15718e+11
10
7
50 100 300 500 700 1000 2000
1.18069e+10 3.46099e+10 9.65479e+10 1.28795e+11 1.68462e+11 2.25078e+11 3.23886e+11
12
7
50 100 300 500 700 1000 2000
1.16507e+10 3.3896e+10 9.50905e+10 1.1806e+11 1.56651e+11 2.15176e+11 3.18835e+11
14
7
50 100 300 500 700 1000 2000
1.13817e+10 3.56532e+10 9.75259e+10 1.32329e+11 1.69758e+11 2.28781e+11 3.27425e+11
16
7
50 100 300 500 700 1000 2000
4.13606e+09 1.80041e+10 7.24157e+10 1.02385e+11 1.4723e+11 1.82698e+11 2.71093e+11
18
7
50 100 300 500 700 1000 2000
5.45007e+09 2.03178e+10 7.08371e+10 9.73538e+10 1.32747e+11 1.74109e+11 2.41563e+11
20
7
50 100 300 500 700 1000 2000
3.79685e+09 1.81325e+10 7.29776e+10 1.06527e+11 1.49584e+11 1.8572e+11 2.75362e+11
22
7
50 100 300 500 700 1000 2000
5.77514e+09 2.05341e+10 7.19522e+10 9.9327e+10 1.34411e+11 1.76444e+11 2.44942e+11
24
7
50 100 300 500 700 1000 2000
4.29775e+09 1.96905e+10 7.1386e+10 1.03627e+11 1.46915e+11 1.86049e+11 2.68895e+11
26
7
50 100 300 500 700 1000 2000
3.23319e+09 1.76109e+10 6.97457e+10 9.62658e+10 1.29007e+11 1.6649e+11 2.44266e+11
28
7
50 100 300 500 700 1000 2000
4.96307e+09 1.97985e+10 7.28091e+10 1.0952e+11 1.48196e+11 1.88755e+11 2.70746e+11
30
7
50 100 300 500 700 1000 2000
3.49826e+09 1.76019e+10 7.12478e+10 1.00272e+11 1.30766e+11 1.69055e+11 2.45534e+11
