24
0
7 7
50 100 300 500 700 1000 2000
50 100 300 500 700 1000 2000
7.71799e+09 1.3445e+10 2.79629e+10 3.64183e+10 4.17209e+10 4.68901e+10 5.53721e+10 6.54784e+09 1.005e+10 2.58358e+10 3.50767e+10 4.51967e+10 5.33753e+10 7.0125e+10 2.55922e+10 3.52296e+10 6.42457e+10 8.40113e+10 9.55856e+10 1.08638e+11 1.30937e+11 4.4472e+10 5.72556e+10 9.64817e+10 1.22289e+11 1.4006e+11 1.57765e+11 1.88629e+11 6.09519e+10 7.45489e+10 1.17046e+11 1.45839e+11 1.65199e+11 1.87472e+11 2.23836e+11 9.09695e+10 1.06671e+11 1.55085e+11 1.8642e+11 2.09171e+11 2.35679e+11 2.81091e+11 1.67213e+11 1.8294e+11 2.29805e+11 2.63122e+11 2.86338e+11 3.22135e+11 3.83185e+11
8
7 7
50 100 300 500 700 1000 2000
50 100 300 500 700 1000 2000
9.58342e+09 1.63359e+10 3.18451e+10 4.03843e+10 4.59176e+10 5.05826e+10 5.78931e+10 4.29554e+09 6.32364e+09 1.64811e+10 3.18963e+10 4.19789e+10 4.91934e+10 6.71715e+10 2.16497e+10 3.02623e+10 5.73821e+10 7.55226e+10 8.68937e+10 1.01942e+11 1.25736e+11 4.17192e+10 5.39915e+10 9.17574e+10 1.17034e+11 1.33827e+11 1.5293e+11 1.85148e+11 5.44887e+10 6.71493e+10 1.07438e+11 1.35911e+11 1.54828e+11 1.77784e+11 2.16971e+11 7.63717e+10 9.00432e+10 1.34028e+11 1.64294e+11 1.8735e+11 2.15072e+11 2.65451e+11 1.51166e+11 1.66196e+11 2.11613e+11 2.46079e+11 2.69599e+11 3.06392e+11 3.71225e+11
16
7 7
50 100 300 500 700 1000 2000
50 100 300 500 700 1000 2000
4.05944e+09 6.55758e+09 2.0056e+10 3.48088e+10 4.47855e+10 6.36671e+10 1.11152e+11 7.80359e+09 1.09405e+10 2.69748e+10 4.25651e+10 5.31565e+10 7.22087e+10 1.18151e+11 2.16907e+10 2.83174e+10 5.6836e+10 7.99461e+10 9.01863e+10 1.11078e+11 1.56278e+11 3.44238e+10 4.24144e+10 7.61117e+10 1.05132e+11 1.18531e+11 1.44425e+11 1.9049e+11 4.20453e+10 5.50095e+10 9.39117e+10 1.29671e+11 1.44348e+11 1.71652e+11 2.2158e+11 4.83778e+10 6.3208e+10 1.03362e+11 1.40093e+11 1.59193e+11 1.90499e+11 2.43121e+11 6.6182e+10 9.28966e+10 1.36267e+11 1.7892e+11 2.0459e+11 2.44036e+11 3.07231e+11
24
7 7
50 100 300 500 700 1000 2000
50 100 300 500 700 1000 2000
3.86237e+09 5.44292e+09 1.7104e+10 3.26168e+10 4.15438e+10 5.70635e+10 1.04506e+11 7.77642e+09 9.32634e+09 2.35826e+10 4.02238e+10 4.95575e+10 6.54449e+10 1.11678e+11 2.49774e+10 2.44519e+10 5.1032e+10 7.66656e+10 8.5581e+10 1.01138e+11 1.46934e+11 3.55652e+10 3.73377e+10 6.85874e+10 1.00698e+11 1.11876e+11 1.31951e+11 1.81104e+11 4.63815e+10 4.70431e+10 8.53742e+10 1.24514e+11 1.37457e+11 1.58696e+11 2.10695e+11 5.2086e+10 5.60024e+10 9.72068e+10 1.35312e+11 1.52248e+11 1.78098e+11 2.34809e+11 6.96687e+10 8.45185e+10 1.29608e+11 1.75889e+11 1.98219e+11 2.32256e+11 2.99789e+11
