26
0
7
50 100 300 500 700 1000 2000
1.24073e+09 3.1419e+09 1.56791e+10 3.0075e+10 4.35737e+10 6.31338e+10 7.22267e+10
2
7
50 100 300 500 700 1000 2000
1.28486e+09 3.10874e+09 1.62888e+10 3.29651e+10 4.90912e+10 7.16342e+10 7.49032e+10
8
7
50 100 300 500 700 1000 2000
1.19925e+09 2.92367e+09 1.4999e+10 2.98535e+10 4.45437e+10 6.50839e+10 7.30069e+10
10
7
50 100 300 500 700 1000 2000
1.33218e+09 3.34588e+09 1.74628e+10 3.2792e+10 4.87642e+10 7.00338e+10 7.39727e+10
16
7
50 100 300 500 700 1000 2000
1.46007e+09 3.42412e+09 1.62659e+10 3.16432e+10 4.42358e+10 6.34755e+10 7.22282e+10
18
7
50 100 300 500 700 1000 2000
1.62114e+09 3.98436e+09 1.84676e+10 3.57803e+10 4.93271e+10 7.17373e+10 7.40187e+10
24
7
50 100 300 500 700 1000 2000
1.51035e+09 3.63959e+09 1.6436e+10 3.29355e+10 4.57559e+10 6.67286e+10 7.37751e+10
26
7
50 100 300 500 700 1000 2000
1.59243e+09 3.8197e+09 1.85465e+10 3.4083e+10 4.74041e+10 6.72463e+10 7.21076e+10
