30
0
7
50 100 300 500 700 1000 2000
1.4488e+09 3.29417e+09 1.63603e+10 2.83738e+10 4.19768e+10 6.48421e+10 1.32521e+11
2
7
50 100 300 500 700 1000 2000
1.22214e+10 4.21097e+10 1.14872e+11 1.81424e+11 2.27073e+11 3.06273e+11 4.458e+11
4
7
50 100 300 500 700 1000 2000
1.25521e+10 4.8618e+10 1.20758e+11 1.74161e+11 2.25177e+11 3.07191e+11 4.58818e+11
6
7
50 100 300 500 700 1000 2000
1.10798e+09 3.20789e+09 1.62738e+10 2.86576e+10 4.32746e+10 6.51479e+10 1.29954e+11
8
7
50 100 300 500 700 1000 2000
1.34561e+10 3.92318e+10 1.13795e+11 1.63604e+11 2.12908e+11 2.91122e+11 4.48203e+11
10
7
50 100 300 500 700 1000 2000
1.16743e+09 3.34615e+09 1.70811e+10 2.83409e+10 4.303e+10 6.41873e+10 1.28813e+11
12
7
50 100 300 500 700 1000 2000
1.15492e+09 3.18051e+09 1.59403e+10 2.87166e+10 4.22395e+10 6.55499e+10 1.32614e+11
14
7
50 100 300 500 700 1000 2000
1.36366e+10 4.5798e+10 1.25571e+11 1.95138e+11 2.40703e+11 3.19014e+11 4.61186e+11
16
7
50 100 300 500 700 1000 2000
1.39901e+09 3.45119e+09 1.57065e+10 3.07608e+10 4.24909e+10 6.61307e+10 1.28345e+11
18
7
50 100 300 500 700 1000 2000
6.30963e+09 2.35691e+10 9.21947e+10 1.26966e+11 1.72678e+11 2.22923e+11 3.1351e+11
20
7
50 100 300 500 700 1000 2000
3.59108e+09 2.14887e+10 9.33166e+10 1.39827e+11 1.98894e+11 2.39273e+11 3.63012e+11
22
7
50 100 300 500 700 1000 2000
1.43221e+09 3.28537e+09 1.46192e+10 2.80601e+10 3.89643e+10 5.92491e+10 1.08153e+11
24
7
50 100 300 500 700 1000 2000
4.39885e+09 2.34645e+10 9.3397e+10 1.45541e+11 1.96459e+11 2.4417e+11 3.60288e+11
26
7
50 100 300 500 700 1000 2000
1.42689e+09 3.30092e+09 1.48313e+10 2.8561e+10 3.95314e+10 5.91171e+10 1.08318e+11
28
7
50 100 300 500 700 1000 2000
1.44528e+09 3.47004e+09 1.59516e+10 3.06305e+10 4.26668e+10 6.64387e+10 1.30043e+11
30
7
50 100 300 500 700 1000 2000
3.34721e+09 2.04461e+10 8.76197e+10 1.30528e+11 1.66764e+11 2.11554e+11 3.16988e+11
