28
0
7
50 100 300 500 700 1000 2000
5.10442e+09 1.39377e+10 2.49879e+10 3.85507e+10 5.19795e+10 8.57098e+10 1.37617e+11
4
7
50 100 300 500 700 1000 2000
5.14004e+09 1.36002e+10 2.49051e+10 3.86576e+10 5.22428e+10 8.56353e+10 1.3779e+11
8
7
50 100 300 500 700 1000 2000
4.80106e+09 1.29422e+10 2.42725e+10 3.72145e+10 5.13156e+10 8.66203e+10 1.38316e+11
12
7
50 100 300 500 700 1000 2000
4.92693e+09 1.32496e+10 2.42148e+10 3.73541e+10 5.15065e+10 8.66925e+10 1.38339e+11
16
7
50 100 300 500 700 1000 2000
3.3652e+09 1.18212e+10 2.5857e+10 3.90271e+10 5.34012e+10 8.41505e+10 1.4318e+11
20
7
50 100 300 500 700 1000 2000
3.41987e+09 1.1792e+10 2.58611e+10 3.91646e+10 5.36193e+10 8.40018e+10 1.43532e+11
24
7
50 100 300 500 700 1000 2000
3.298e+09 1.11175e+10 2.5968e+10 3.79627e+10 5.32498e+10 8.43591e+10 1.435e+11
28
7
50 100 300 500 700 1000 2000
3.31909e+09 1.12224e+10 2.58564e+10 3.82847e+10 5.33201e+10 8.43795e+10 1.43678e+11
