28
0
7
50 100 300 500 700 1000 2000
5.24613e+09 1.46604e+10 2.51561e+10 4.03237e+10 5.47735e+10 9.15682e+10 1.46104e+11
4
7
50 100 300 500 700 1000 2000
5.2048e+09 1.43308e+10 2.5249e+10 4.02206e+10 5.4646e+10 9.15582e+10 1.45941e+11
8
7
50 100 300 500 700 1000 2000
4.81092e+09 1.33117e+10 2.44413e+10 3.88121e+10 5.35512e+10 9.19652e+10 1.46603e+11
12
7
50 100 300 500 700 1000 2000
4.93731e+09 1.32902e+10 2.44306e+10 3.88213e+10 5.36468e+10 9.22529e+10 1.46676e+11
16
7
50 100 300 500 700 1000 2000
3.4085e+09 1.23096e+10 2.67665e+10 3.98472e+10 5.7366e+10 8.81476e+10 1.51697e+11
20
7
50 100 300 500 700 1000 2000
3.40162e+09 1.2199e+10 2.67494e+10 3.96901e+10 5.72609e+10 8.83708e+10 1.51806e+11
24
7
50 100 300 500 700 1000 2000
2.90648e+09 1.17261e+10 2.61068e+10 3.96067e+10 5.56305e+10 8.84574e+10 1.52571e+11
28
7
50 100 300 500 700 1000 2000
2.90128e+09 1.14495e+10 2.59948e+10 3.97746e+10 5.56182e+10 8.85609e+10 1.52604e+11
