24
0
7 7
50 100 300 500 700 1000 2000
50 100 300 500 700 1000 2000
3.04562e+10 2.4079e+10 4.17229e+10 4.85084e+10 5.23713e+10 5.51615e+10 5.87168e+10 4.0404e+10 6.04348e+10 8.92034e+10 9.80363e+10 1.02943e+11 1.07299e+11 1.17737e+11 1.22887e+11 1.54072e+11 2.36747e+11 2.69586e+11 2.58606e+11 2.81292e+11 3.16086e+11 1.65513e+11 1.67799e+11 3.34706e+11 3.55977e+11 3.82385e+11 4.09749e+11 4.01756e+11 1.64577e+11 2.21017e+11 4.26154e+11 4.40423e+11 4.70457e+11 4.85005e+11 4.5886e+11 2.03783e+11 2.76459e+11 5.09116e+11 5.0455e+11 5.42026e+11 5.71525e+11 5.35413e+11 2.36814e+11 2.99607e+11 5.83614e+11 5.80345e+11 6.38414e+11 6.80989e+11 6.86628e+11
8
7 7
50 100 300 500 700 1000 2000
50 100 300 500 700 1000 2000
4.66548e+10 2.44594e+10 4.21917e+10 4.83106e+10 5.22903e+10 5.56146e+10 5.90556e+10 4.16797e+10 5.75242e+10 9.02629e+10 9.87294e+10 1.04394e+11 1.03689e+11 1.23881e+11 1.30293e+11 1.55646e+11 2.40772e+11 2.72966e+11 2.60231e+11 2.82007e+11 3.1813e+11 1.80918e+11 1.70387e+11 3.46603e+11 3.61616e+11 3.88331e+11 4.13834e+11 4.05144e+11 1.90271e+11 2.41842e+11 4.45365e+11 4.50487e+11 4.7565e+11 4.91944e+11 4.6284e+11 2.07945e+11 2.67351e+11 5.04694e+11 5.03848e+11 5.41704e+11 5.6864e+11 5.36805e+11 2.34662e+11 3.00035e+11 5.9377e+11 5.89245e+11 6.42759e+11 6.82201e+11 6.89683e+11
16
7 7
50 100 300 500 700 1000 2000
50 100 300 500 700 1000 2000
3.25013e+10 4.07523e+10 1.14368e+11 1.36916e+11 1.56178e+11 1.93902e+11 2.23234e+11 2.34384e+10 6.04622e+10 1.64462e+11 1.74634e+11 2.53267e+11 3.10471e+11 3.37026e+11 4.46528e+10 9.05449e+10 2.3651e+11 3.07542e+11 3.78868e+11 4.22045e+11 4.62958e+11 5.40757e+10 1.01617e+11 2.95186e+11 3.52875e+11 4.49209e+11 4.92198e+11 5.15521e+11 5.99053e+10 1.06274e+11 2.78773e+11 3.78942e+11 4.64232e+11 5.28553e+11 5.69503e+11 6.22599e+10 1.16977e+11 3.23536e+11 4.40257e+11 5.099e+11 5.59074e+11 6.35792e+11 6.61271e+10 1.29448e+11 3.78324e+11 4.63577e+11 5.23223e+11 5.73665e+11 4.39473e+11
24
7 7
50 100 300 500 700 1000 2000
50 100 300 500 700 1000 2000
2.80395e+10 4.10248e+10 1.16338e+11 1.62682e+11 1.68964e+11 1.95074e+11 2.29173e+11 2.20386e+10 5.83712e+10 1.6681e+11 1.80749e+11 2.6476e+11 3.04563e+11 3.42341e+11 4.27832e+10 8.85106e+10 2.4418e+11 3.06884e+11 3.85772e+11 4.281e+11 4.56054e+11 5.40728e+10 1.00976e+11 2.97975e+11 3.67565e+11 4.43034e+11 5.02014e+11 5.34596e+11 6.01442e+10 1.06074e+11 2.82188e+11 3.87539e+11 4.68909e+11 5.21982e+11 5.65314e+11 6.17711e+10 1.16875e+11 3.26835e+11 4.26644e+11 5.09588e+11 5.73241e+11 6.3505e+11 6.64183e+10 1.29536e+11 3.77252e+11 4.59845e+11 5.24343e+11 5.72728e+11 4.39344e+11
