24
0
7 7
50 100 300 500 700 1000 2000
50 100 300 500 700 1000 2000
5.20438e+09 8.04215e+09 1.42573e+10 1.69643e+10 1.81578e+10 1.79356e+10 1.93106e+10 9.01986e+09 1.37175e+10 2.04602e+10 2.40804e+10 2.71395e+10 2.81994e+10 2.77231e+10 9.88756e+09 1.30103e+10 2.44695e+10 3.30978e+10 3.88177e+10 4.61303e+10 5.97892e+10 1.13232e+10 1.50073e+10 2.82284e+10 3.91204e+10 4.72523e+10 5.85306e+10 6.68195e+10 1.41884e+10 1.80076e+10 3.18936e+10 4.50608e+10 5.33735e+10 6.80252e+10 8.14411e+10 2.43002e+10 2.93756e+10 4.77721e+10 6.26879e+10 7.92934e+10 9.00241e+10 1.13684e+11 3.86836e+10 4.32685e+10 6.06164e+10 7.56276e+10 8.97523e+10 1.08964e+11 1.44812e+11
8
7 7
50 100 300 500 700 1000 2000
50 100 300 500 700 1000 2000
4.96987e+09 7.5491e+09 1.38433e+10 1.63043e+10 1.90666e+10 1.74291e+10 1.73398e+10 8.82812e+09 1.3415e+10 1.9988e+10 2.36844e+10 2.66783e+10 2.77665e+10 2.75568e+10 9.5879e+09 1.30435e+10 2.44794e+10 3.31389e+10 3.78809e+10 4.49114e+10 5.9761e+10 1.12779e+10 1.49529e+10 2.80145e+10 3.86993e+10 4.68678e+10 5.84756e+10 6.67241e+10 1.4398e+10 1.83163e+10 3.23584e+10 4.42735e+10 5.37053e+10 6.65652e+10 8.2289e+10 2.43896e+10 2.94501e+10 4.76247e+10 6.34597e+10 7.60498e+10 9.04868e+10 1.14331e+11 3.85712e+10 4.30833e+10 6.04339e+10 7.69265e+10 8.91164e+10 1.1026e+11 1.4637e+11
16
7 7
50 100 300 500 700 1000 2000
50 100 300 500 700 1000 2000
3.59063e+09 7.79967e+09 9.18885e+09 1.05282e+10 1.34001e+10 2.16092e+10 3.51006e+10 6.46573e+09 1.20005e+10 1.21677e+10 1.39378e+10 1.69219e+10 2.57715e+10 3.88744e+10 1.53635e+10 2.69828e+10 2.67305e+10 2.77278e+10 3.20888e+10 4.54849e+10 5.50389e+10 2.12443e+10 3.56985e+10 3.8088e+10 3.9545e+10 4.48809e+10 5.73579e+10 7.32715e+10 2.43168e+10 4.16255e+10 4.9349e+10 5.11649e+10 5.59881e+10 7.16135e+10 8.83493e+10 2.71701e+10 4.57473e+10 5.89571e+10 6.28812e+10 6.90092e+10 8.79587e+10 1.06251e+11 3.25873e+10 6.16501e+10 8.52706e+10 9.57242e+10 1.08416e+11 1.32237e+11 1.58271e+11
24
7 7
50 100 300 500 700 1000 2000
50 100 300 500 700 1000 2000
3.23704e+09 7.35253e+09 8.91139e+09 1.06641e+10 1.34384e+10 2.1691e+10 3.50963e+10 5.86397e+09 1.16597e+10 1.22275e+10 1.40103e+10 1.69273e+10 2.58418e+10 3.88178e+10 1.49507e+10 2.64989e+10 2.61625e+10 2.79174e+10 3.1109e+10 4.27225e+10 5.53549e+10 2.04455e+10 3.58361e+10 3.74267e+10 3.95895e+10 4.34567e+10 5.7707e+10 7.05315e+10 2.39759e+10 4.10713e+10 4.81649e+10 5.10258e+10 5.56947e+10 7.25301e+10 8.49048e+10 2.71103e+10 4.5215e+10 5.78525e+10 6.25918e+10 6.84401e+10 8.85708e+10 1.02091e+11 3.2148e+10 6.11108e+10 8.41914e+10 9.49695e+10 1.06026e+11 1.32951e+11 1.52122e+11
