18
0
7 7
50 100 300 500 700 1000 2000
50 100 300 500 700 1000 2000
6.51328e+09 1.08549e+10 2.24813e+10 2.98513e+10 3.46609e+10 3.9758e+10 4.78718e+10 7.07441e+09 1.10416e+10 2.38177e+10 3.46309e+10 4.14267e+10 4.96794e+10 6.50673e+10 2.24281e+10 2.82522e+10 4.90482e+10 6.37702e+10 7.45225e+10 8.7997e+10 1.12444e+11 4.05284e+10 4.76059e+10 7.33102e+10 9.24282e+10 1.06939e+11 1.24569e+11 1.57938e+11 5.4223e+10 6.18488e+10 8.84216e+10 1.09322e+11 1.24617e+11 1.4496e+11 1.82594e+11 7.8025e+10 8.58997e+10 1.13729e+11 1.36445e+11 1.52703e+11 1.76618e+11 2.23715e+11 1.51376e+11 1.59039e+11 1.86852e+11 2.09369e+11 2.25389e+11 2.53813e+11 3.13432e+11
2
7 7
50 100 300 500 700 1000 2000
50 100 300 500 700 1000 2000
6.29661e+09 1.05726e+10 2.18329e+10 2.94464e+10 3.50657e+10 4.05037e+10 4.90066e+10 6.83109e+09 9.29706e+09 2.08131e+10 2.95273e+10 3.9157e+10 4.81283e+10 6.36025e+10 2.27747e+10 2.84186e+10 4.97047e+10 6.51067e+10 7.48565e+10 8.85894e+10 1.13063e+11 4.16365e+10 4.85233e+10 7.45411e+10 9.44117e+10 1.0916e+11 1.26195e+11 1.59951e+11 5.50998e+10 6.29894e+10 8.93314e+10 1.10759e+11 1.26398e+11 1.46769e+11 1.86137e+11 7.88359e+10 8.66576e+10 1.14847e+11 1.38532e+11 1.55328e+11 1.7871e+11 2.26784e+11 1.52922e+11 1.61087e+11 1.88746e+11 2.1217e+11 2.28803e+11 2.57394e+11 3.15401e+11
16
7 7
50 100 300 500 700 1000 2000
50 100 300 500 700 1000 2000
3.80711e+09 6.15726e+09 1.88316e+10 3.49134e+10 4.60468e+10 6.59555e+10 1.26595e+11 6.54611e+09 9.0769e+09 2.34258e+10 3.97216e+10 5.05108e+10 7.07464e+10 1.30384e+11 1.47985e+10 1.97391e+10 4.22535e+10 6.26933e+10 7.32575e+10 9.35384e+10 1.53239e+11 1.99581e+10 2.75551e+10 5.33637e+10 7.84942e+10 9.09599e+10 1.14052e+11 1.75795e+11 2.37797e+10 3.40622e+10 6.58682e+10 9.44314e+10 1.0776e+11 1.31879e+11 1.96767e+11 2.66273e+10 3.73967e+10 7.33656e+10 1.03732e+11 1.20129e+11 1.47877e+11 2.14153e+11 3.38859e+10 4.42415e+10 9.4637e+10 1.33891e+11 1.5577e+11 1.89363e+11 2.62535e+11
18
7 7
50 100 300 500 700 1000 2000
50 100 300 500 700 1000 2000
3.78175e+09 6.26222e+09 1.8815e+10 3.36821e+10 4.32249e+10 6.13445e+10 1.17569e+11 6.59365e+09 9.52493e+09 2.34488e+10 3.82811e+10 4.85484e+10 6.65192e+10 1.21216e+11 1.6918e+10 2.0863e+10 4.26151e+10 6.04704e+10 7.01632e+10 8.90433e+10 1.43007e+11 2.46381e+10 3.05813e+10 5.46113e+10 7.61162e+10 8.78181e+10 1.09286e+11 1.62683e+11 2.86293e+10 3.67159e+10 6.59843e+10 9.22058e+10 1.04236e+11 1.26689e+11 1.80991e+11 3.25081e+10 4.23798e+10 7.42411e+10 1.02667e+11 1.18158e+11 1.41606e+11 1.97864e+11 4.00194e+10 5.43554e+10 9.82921e+10 1.32726e+11 1.52506e+11 1.83729e+11 2.44953e+11
