26
0
7 7
50 100 300 500 700 1000 2000
50 100 300 500 700 1000 2000
1.67999e+10 3.29924e+10 7.75154e+10 1.03816e+11 1.26153e+11 1.47432e+11 1.84091e+11 4.17171e+10 7.75825e+10 1.65003e+11 2.13543e+11 2.39132e+11 2.67508e+11 3.56062e+11 6.63179e+10 1.25486e+11 2.67775e+11 3.85479e+11 4.25281e+11 3.72721e+11 4.86839e+11 4.90642e+10 8.96191e+10 2.29905e+11 3.24388e+11 3.80363e+11 4.47537e+11 5.68405e+11 6.16005e+10 1.17106e+11 2.68251e+11 3.69737e+11 4.20268e+11 5.10655e+11 6.31651e+11 7.01114e+10 1.35747e+11 3.0827e+11 4.08531e+11 4.5713e+11 5.53126e+11 6.65267e+11 7.91075e+10 1.5592e+11 3.45955e+11 4.50177e+11 4.92599e+11 5.95045e+11 7.06469e+11
2
7 7
50 100 300 500 700 1000 2000
50 100 300 500 700 1000 2000
1.71374e+10 3.11798e+10 5.50641e+10 1.00333e+11 1.216e+11 1.38669e+11 1.71019e+11 3.63941e+10 6.72111e+10 1.49828e+11 1.93397e+11 2.22071e+11 2.51531e+11 3.45563e+11 6.78027e+10 1.19934e+11 2.60933e+11 3.86779e+11 4.2233e+11 3.811e+11 4.80138e+11 6.76848e+10 1.0388e+11 2.60436e+11 3.48076e+11 3.93705e+11 4.65322e+11 5.67043e+11 6.88012e+10 1.28243e+11 2.92133e+11 3.87097e+11 4.34193e+11 5.20274e+11 6.22651e+11 7.47467e+10 1.39831e+11 3.23745e+11 4.2302e+11 4.63444e+11 5.57007e+11 6.52665e+11 7.51828e+10 1.43717e+11 3.34805e+11 4.37754e+11 4.80259e+11 5.76252e+11 6.82052e+11
8
7 7
50 100 300 500 700 1000 2000
50 100 300 500 700 1000 2000
1.7059e+10 2.95281e+10 7.55744e+10 1.00957e+11 1.20192e+11 1.37817e+11 1.75559e+11 4.41053e+10 6.53573e+10 1.66732e+11 2.12789e+11 2.35651e+11 2.66912e+11 3.54239e+11 6.32938e+10 1.20821e+11 2.71069e+11 3.93029e+11 4.33243e+11 3.881e+11 4.82085e+11 5.33511e+10 9.31602e+10 2.33277e+11 3.25323e+11 3.76775e+11 4.41056e+11 5.62187e+11 5.46221e+10 1.05156e+11 2.56011e+11 3.45199e+11 3.95725e+11 4.86037e+11 6.00038e+11 6.43178e+10 1.23646e+11 2.92223e+11 3.87045e+11 4.36749e+11 5.29758e+11 6.44042e+11 7.27953e+10 1.45116e+11 3.30154e+11 4.3224e+11 4.75428e+11 5.75764e+11 6.87807e+11
10
7 7
50 100 300 500 700 1000 2000
50 100 300 500 700 1000 2000
1.71174e+10 2.99976e+10 7.22752e+10 9.89472e+10 1.26194e+11 1.4751e+11 1.81617e+11 3.56062e+10 6.79486e+10 1.51118e+11 1.98488e+11 2.25945e+11 2.58248e+11 3.55448e+11 6.8686e+10 1.28296e+11 2.74273e+11 3.94284e+11 4.32321e+11 3.85631e+11 4.89319e+11 5.91566e+10 1.05887e+11 2.60089e+11 3.57098e+11 4.0557e+11 4.79408e+11 5.90707e+11 7.25108e+10 1.33491e+11 2.98471e+11 3.99359e+11 4.43351e+11 5.35822e+11 6.41555e+11 7.73133e+10 1.45793e+11 3.27178e+11 4.33239e+11 4.74364e+11 5.69162e+11 6.65723e+11 7.86621e+10 1.52926e+11 3.50829e+11 4.55184e+11 4.93158e+11 5.89439e+11 6.91325e+11
16
7 7
50 100 300 500 700 1000 2000
50 100 300 500 700 1000 2000
7.91891e+09 2.6213e+10 5.66904e+10 4.58276e+10 4.35672e+10 3.86292e+10 3.57968e+10 1.48095e+10 4.22627e+10 8.83943e+10 8.71279e+10 8.46223e+10 7.41915e+10 6.9405e+10 5.08906e+10 1.0991e+11 2.00243e+11 1.87924e+11 1.93293e+11 1.84731e+11 1.85263e+11 8.12348e+10 1.53332e+11 3.13477e+11 2.65843e+11 2.83035e+11 2.78004e+11 2.79106e+11 8.88235e+10 1.66556e+11 3.84652e+11 3.33318e+11 3.52607e+11 3.46901e+11 3.46537e+11 9.03424e+10 1.78036e+11 3.68224e+11 4.0724e+11 4.34994e+11 4.32985e+11 4.5286e+11 1.15894e+11 2.9012e+11 4.7949e+11 5.26983e+11 5.69989e+11 6.05507e+11 6.43309e+11
18
7 7
50 100 300 500 700 1000 2000
50 100 300 500 700 1000 2000
7.45979e+09 2.02454e+10 5.61949e+10 3.84216e+10 3.59683e+10 3.46564e+10 2.95013e+10 1.55987e+10 3.91919e+10 8.80178e+10 6.98361e+10 6.77886e+10 6.70576e+10 5.6185e+10 5.52873e+10 1.14484e+11 2.02438e+11 1.70912e+11 1.71419e+11 1.7108e+11 1.53115e+11 7.86485e+10 1.50288e+11 3.30712e+11 2.54655e+11 2.51967e+11 2.57825e+11 2.3157e+11 9.11031e+10 1.76278e+11 3.78978e+11 3.12621e+11 3.11351e+11 3.08475e+11 2.97188e+11 9.57176e+10 1.84804e+11 3.57967e+11 3.76392e+11 3.72983e+11 3.75094e+11 3.74224e+11 1.17358e+11 3.10284e+11 4.64932e+11 4.86131e+11 5.04659e+11 5.26437e+11 5.50051e+11
24
7 7
50 100 300 500 700 1000 2000
50 100 300 500 700 1000 2000
7.73515e+09 2.25978e+10 5.61507e+10 5.49461e+10 4.99143e+10 4.77066e+10 3.72503e+10 1.46512e+10 3.66764e+10 8.69721e+10 9.91143e+10 9.44736e+10 8.99399e+10 7.20905e+10 4.8303e+10 1.09808e+11 1.98733e+11 2.01842e+11 2.15049e+11 2.09217e+11 1.84045e+11 8.07415e+10 1.4244e+11 3.29518e+11 2.89699e+11 2.97793e+11 2.9762e+11 2.79496e+11 9.10344e+10 1.69785e+11 3.8104e+11 3.4987e+11 3.75028e+11 3.67182e+11 3.44517e+11 9.47885e+10 1.85374e+11 3.55118e+11 4.04475e+11 4.36042e+11 4.50222e+11 4.42376e+11 1.19026e+11 3.08261e+11 4.74801e+11 5.1535e+11 5.63665e+11 5.93405e+11 6.18082e+11
26
7 7
50 100 300 500 700 1000 2000
50 100 300 500 700 1000 2000
6.9185e+09 2.38487e+10 4.91895e+10 3.58374e+10 3.19314e+10 2.90188e+10 2.69141e+10 1.61244e+10 4.59306e+10 8.88889e+10 6.86329e+10 6.03443e+10 5.5544e+10 5.17112e+10 4.84731e+10 1.12336e+11 2.01427e+11 1.65991e+11 1.56029e+11 1.52141e+11 1.43395e+11 8.95929e+10 1.52112e+11 3.20003e+11 2.44326e+11 2.32902e+11 2.32024e+11 2.25508e+11 8.98657e+10 1.70619e+11 3.75715e+11 3.01996e+11 2.95546e+11 2.91402e+11 2.93836e+11 9.03914e+10 1.78094e+11 3.66756e+11 3.65378e+11 3.61457e+11 3.60607e+11 3.74862e+11 1.15197e+11 2.9307e+11 4.62656e+11 4.75621e+11 5.10146e+11 5.25189e+11 5.63292e+11
