26
0
7 7
50 100 300 500 700 1000 2000
50 100 300 500 700 1000 2000
1.34597e+10 2.31932e+10 4.29898e+10 5.387e+10 5.74854e+10 6.28362e+10 6.91133e+10 3.15199e+10 4.89165e+10 7.79302e+10 8.76417e+10 9.35073e+10 9.7856e+10 1.0394e+11 5.13916e+10 7.46491e+10 1.21116e+11 1.43626e+11 1.51083e+11 1.51853e+11 1.61894e+11 4.39426e+10 6.91368e+10 1.39466e+11 1.73272e+11 1.86851e+11 2.03847e+11 2.24683e+11 5.18814e+10 8.6026e+10 1.69102e+11 2.07314e+11 2.23338e+11 2.44958e+11 2.69899e+11 5.98481e+10 1.04005e+11 2.05499e+11 2.54701e+11 2.74105e+11 3.06029e+11 3.36626e+11 7.34556e+10 1.30204e+11 2.71207e+11 3.32247e+11 3.61189e+11 4.0775e+11 4.63807e+11
2
7 7
50 100 300 500 700 1000 2000
50 100 300 500 700 1000 2000
1.2505e+10 2.07667e+10 3.68406e+10 4.26337e+10 4.6469e+10 4.91048e+10 5.3632e+10 2.82008e+10 4.17406e+10 6.4841e+10 7.32998e+10 7.92191e+10 8.13507e+10 8.60271e+10 5.4335e+10 7.748e+10 1.15489e+11 1.32956e+11 1.39967e+11 1.38981e+11 1.47208e+11 6.07968e+10 8.6776e+10 1.53484e+11 1.81868e+11 1.90139e+11 2.02343e+11 2.14968e+11 6.72346e+10 1.05258e+11 1.83759e+11 2.16037e+11 2.26347e+11 2.43691e+11 2.59934e+11 7.34237e+10 1.2137e+11 2.21985e+11 2.64278e+11 2.80316e+11 3.03884e+11 3.2663e+11 7.90097e+10 1.41623e+11 2.82745e+11 3.44884e+11 3.63378e+11 4.05222e+11 4.47085e+11
8
7 7
50 100 300 500 700 1000 2000
50 100 300 500 700 1000 2000
1.33483e+10 2.1926e+10 3.66113e+10 4.34972e+10 4.67153e+10 4.99605e+10 5.40558e+10 2.96586e+10 4.4288e+10 6.77958e+10 7.4875e+10 7.94601e+10 8.23384e+10 8.67671e+10 4.97078e+10 7.36799e+10 1.14515e+11 1.30945e+11 1.36538e+11 1.37228e+11 1.46911e+11 4.26956e+10 6.75286e+10 1.32989e+11 1.63462e+11 1.76665e+11 1.91067e+11 2.10187e+11 5.18816e+10 8.52256e+10 1.63984e+11 1.98384e+11 2.13456e+11 2.32711e+11 2.55845e+11 5.96732e+10 1.02669e+11 1.98116e+11 2.45482e+11 2.62715e+11 2.93681e+11 3.21653e+11 7.27199e+10 1.28077e+11 2.64937e+11 3.23881e+11 3.50065e+11 3.94239e+11 4.47384e+11
10
7 7
50 100 300 500 700 1000 2000
50 100 300 500 700 1000 2000
1.26788e+10 2.35527e+10 4.21053e+10 5.30808e+10 5.69782e+10 6.28725e+10 6.91114e+10 2.92697e+10 4.74113e+10 7.43955e+10 8.64985e+10 9.3903e+10 9.70134e+10 1.03493e+11 5.82193e+10 7.93367e+10 1.25158e+11 1.46951e+11 1.54223e+11 1.54204e+11 1.64557e+11 6.31801e+10 9.59813e+10 1.65707e+11 1.95558e+11 2.04069e+11 2.17312e+11 2.31447e+11 6.81224e+10 1.0814e+11 1.95182e+11 2.30066e+11 2.41888e+11 2.59735e+11 2.76273e+11 7.4449e+10 1.23151e+11 2.31091e+11 2.76637e+11 2.92377e+11 3.20691e+11 3.42906e+11 7.82346e+10 1.39593e+11 2.8529e+11 3.51301e+11 3.72265e+11 4.19557e+11 4.63927e+11
16
7 7
50 100 300 500 700 1000 2000
50 100 300 500 700 1000 2000
4.51345e+09 1.02242e+10 2.87145e+10 2.8392e+10 3.2178e+10 3.32994e+10 3.24923e+10 9.9984e+09 2.10464e+10 3.61787e+10 4.50163e+10 5.16392e+10 5.59567e+10 5.73474e+10 3.06191e+10 5.59519e+10 9.28502e+10 1.07643e+11 1.18257e+11 1.32146e+11 1.46055e+11 4.47644e+10 7.57014e+10 1.17908e+11 1.40335e+11 1.61264e+11 1.83776e+11 2.14035e+11 5.10033e+10 8.84112e+10 1.34302e+11 1.73679e+11 1.97119e+11 2.25938e+11 2.64618e+11 5.27398e+10 8.72722e+10 1.35128e+11 1.73159e+11 2.02901e+11 2.39406e+11 2.89905e+11 6.49726e+10 1.21596e+11 1.62894e+11 2.10994e+11 2.45066e+11 2.9211e+11 3.64546e+11
18
7 7
50 100 300 500 700 1000 2000
50 100 300 500 700 1000 2000
6.27353e+09 1.36705e+10 2.99637e+10 2.25649e+10 2.4e+10 2.8463e+10 2.52609e+10 1.07434e+10 2.33517e+10 3.79662e+10 3.84902e+10 4.43237e+10 5.26869e+10 4.54796e+10 2.63444e+10 5.6729e+10 9.23942e+10 9.2571e+10 1.0079e+11 1.13169e+11 1.14955e+11 3.99081e+10 7.68338e+10 1.18929e+11 1.27567e+11 1.42535e+11 1.68121e+11 1.69216e+11 4.64499e+10 8.72187e+10 1.33165e+11 1.57556e+11 1.73213e+11 1.97373e+11 2.11944e+11 5.45155e+10 8.95764e+10 1.37398e+11 1.63994e+11 1.93075e+11 2.24526e+11 2.4153e+11 6.75078e+10 1.24279e+11 1.63976e+11 2.01264e+11 2.31389e+11 2.70989e+11 3.13837e+11
24
7 7
50 100 300 500 700 1000 2000
50 100 300 500 700 1000 2000
4.79727e+09 1.40376e+10 3.01663e+10 2.8757e+10 3.41894e+10 3.57782e+10 3.23612e+10 8.97811e+09 2.20663e+10 3.86683e+10 4.96325e+10 5.57553e+10 6.3086e+10 5.69373e+10 2.69828e+10 5.47775e+10 9.24094e+10 1.07329e+11 1.19265e+11 1.31907e+11 1.40792e+11 3.97703e+10 7.51936e+10 1.20426e+11 1.45726e+11 1.659e+11 1.87089e+11 2.07891e+11 4.73485e+10 8.48979e+10 1.34164e+11 1.73067e+11 1.96847e+11 2.21322e+11 2.54208e+11 5.43437e+10 8.79036e+10 1.36311e+11 1.80249e+11 2.0905e+11 2.45781e+11 2.89848e+11 6.62225e+10 1.2194e+11 1.63681e+11 2.13997e+11 2.48651e+11 2.90805e+11 3.61602e+11
26
7 7
50 100 300 500 700 1000 2000
50 100 300 500 700 1000 2000
3.72284e+09 1.15548e+10 2.89303e+10 2.37008e+10 2.3062e+10 2.55994e+10 2.51872e+10 7.36388e+09 2.01713e+10 3.60325e+10 4.09e+10 4.25835e+10 4.68498e+10 4.60162e+10 2.94083e+10 5.63412e+10 8.77826e+10 9.27265e+10 9.54825e+10 1.06856e+11 1.13595e+11 4.43995e+10 7.84886e+10 1.1587e+11 1.30246e+11 1.38024e+11 1.56543e+11 1.69083e+11 5.00658e+10 9.00356e+10 1.28324e+11 1.56542e+11 1.66687e+11 1.90763e+11 2.12127e+11 5.26859e+10 8.82581e+10 1.33993e+11 1.64605e+11 1.84024e+11 2.11596e+11 2.42019e+11 6.59183e+10 1.21737e+11 1.62246e+11 2.02219e+11 2.28674e+11 2.68302e+11 3.1835e+11
