16
0
7 7
50 100 300 500 700 1000 2000
50 100 300 500 700 1000 2000
5.67022e+08 5.38996e+08 1.96515e+09 2.06169e+09 1.01001e+09 1.06604e+09 1.01305e+09 2.21926e+09 2.05825e+09 2.23872e+09 1.95998e+09 1.04636e+09 1.01601e+09 5.08531e+08 2.26432e+09 2.1018e+09 1.64665e+09 5.81685e+08 4.79994e+08 5.08866e+08 4.98929e+08 2.34017e+09 1.7819e+09 5.73532e+08 5.69499e+08 4.7914e+08 5.08749e+08 2.21789e+08 2.3516e+09 1.67757e+09 5.72062e+08 5.73803e+08 4.79525e+08 5.09803e+08 2.17062e+08 2.15987e+09 1.50296e+09 6.18631e+08 6.20445e+08 5.06494e+08 4.32573e+08 2.28782e+08 1.61207e+09 5.97167e+08 4.90518e+08 4.24761e+08 4.13061e+08 3.72059e+08 2.11412e+08
16
7 7
50 100 300 500 700 1000 2000
50 100 300 500 700 1000 2000
4.0783e+09 4.40529e+09 4.77175e+09 4.89093e+09 4.88827e+09 4.8821e+09 3.45185e+09 4.64468e+09 4.94071e+09 5.15952e+09 5.09347e+09 4.48819e+09 3.4632e+09 1.29006e+09 4.67727e+09 4.80808e+09 3.62209e+09 1.2878e+09 1.28345e+09 1.3027e+09 1.29101e+09 5.09009e+09 5.09658e+09 1.29099e+09 1.29351e+09 1.28914e+09 1.29613e+09 1.29448e+09 5.25644e+09 4.43993e+09 1.27396e+09 1.2942e+09 1.28224e+09 1.29818e+09 1.2937e+09 5.38068e+09 3.6503e+09 1.30456e+09 1.29118e+09 1.29863e+09 1.2888e+09 1.29962e+09 3.53732e+09 1.29665e+09 1.304e+09 1.29991e+09 1.29506e+09 1.29696e+09 1.30594e+09
