15
0
7
50 100 300 500 700 1000 2000
2.48262e+09 3.77064e+09 1.54192e+10 2.80105e+10 3.72326e+10 5.1532e+10 6.47289e+10
1
7
50 100 300 500 700 1000 2000
3.168e+09 7.07953e+09 2.81012e+10 5.50833e+10 7.40037e+10 1.03688e+11 1.23153e+11
2
7
50 100 300 500 700 1000 2000
2.7383e+09 6.52238e+09 2.66908e+10 4.89118e+10 7.08303e+10 9.52817e+10 1.20761e+11
3
7
50 100 300 500 700 1000 2000
1.96989e+09 4.35665e+09 1.76325e+10 3.0658e+10 4.16563e+10 5.72151e+10 6.5547e+10
4
7
50 100 300 500 700 1000 2000
3.13202e+09 6.94388e+09 2.64938e+10 5.33324e+10 7.2066e+10 9.96478e+10 1.24189e+11
5
7
50 100 300 500 700 1000 2000
1.74776e+09 4.15645e+09 1.7266e+10 3.04472e+10 4.0187e+10 5.41438e+10 6.48758e+10
6
7
50 100 300 500 700 1000 2000
1.80044e+09 4.09797e+09 1.63722e+10 2.8572e+10 3.87604e+10 5.43222e+10 6.52994e+10
7
7
50 100 300 500 700 1000 2000
3.3427e+09 7.59068e+09 2.98523e+10 5.13448e+10 7.32072e+10 1.01307e+11 1.2026e+11
8
7
50 100 300 500 700 1000 2000
3.13271e+09 7.04274e+09 2.62654e+10 4.76278e+10 6.62908e+10 9.17235e+10 1.1997e+11
9
7
50 100 300 500 700 1000 2000
1.79425e+09 4.25687e+09 1.75119e+10 2.92343e+10 3.95121e+10 5.49486e+10 6.48787e+10
10
7
50 100 300 500 700 1000 2000
1.75187e+09 4.08895e+09 1.61016e+10 2.86179e+10 3.91161e+10 5.5668e+10 6.60664e+10
11
7
50 100 300 500 700 1000 2000
3.37125e+09 7.64297e+09 3.00508e+10 5.90748e+10 8.07225e+10 1.13989e+11 1.2526e+11
12
7
50 100 300 500 700 1000 2000
1.70181e+09 3.99561e+09 1.61909e+10 2.73983e+10 3.67729e+10 5.19119e+10 6.50661e+10
13
7
50 100 300 500 700 1000 2000
3.16028e+09 7.27421e+09 2.81661e+10 4.88775e+10 6.91042e+10 9.60883e+10 1.18746e+11
14
7
50 100 300 500 700 1000 2000
2.75979e+09 6.63618e+09 2.71678e+10 5.42881e+10 7.76546e+10 1.0613e+11 1.24879e+11
15
7
50 100 300 500 700 1000 2000
1.91175e+09 4.54281e+09 1.92243e+10 3.17859e+10 4.28593e+10 5.82436e+10 6.57482e+10
