22
0
7
50 100 300 500 700 1000 2000
6.40748e+09 1.09675e+10 4.85329e+10 9.21131e+10 1.24978e+11 1.76277e+11 3.13499e+11
2
7
50 100 300 500 700 1000 2000
6.18498e+09 9.49803e+09 4.93154e+10 9.39105e+10 1.26067e+11 1.79349e+11 3.14948e+11
4
7
50 100 300 500 700 1000 2000
2.95243e+09 6.04718e+09 2.85705e+10 5.38168e+10 7.52752e+10 1.04347e+11 1.77636e+11
6
7
50 100 300 500 700 1000 2000
3.01559e+09 6.09338e+09 2.97448e+10 5.86663e+10 8.25985e+10 1.20625e+11 2.26609e+11
16
7
50 100 300 500 700 1000 2000
2.88964e+09 5.75256e+09 2.69344e+10 5.37556e+10 7.3636e+10 1.06067e+11 2.00033e+11
18
7
50 100 300 500 700 1000 2000
2.89781e+09 5.73221e+09 2.57606e+10 4.93868e+10 6.68451e+10 9.22713e+10 1.60692e+11
20
7
50 100 300 500 700 1000 2000
3.76333e+09 8.92393e+09 4.26029e+10 7.85594e+10 1.07632e+11 1.48202e+11 2.62829e+11
22
7
50 100 300 500 700 1000 2000
3.82785e+09 9.83643e+09 4.26405e+10 7.60712e+10 1.04269e+11 1.42269e+11 2.44394e+11
