22
0
7
50 100 300 500 700 1000 2000
6.33629e+09 1.06691e+10 4.75711e+10 8.51847e+10 1.1483e+11 1.63417e+11 2.82707e+11
2
7
50 100 300 500 700 1000 2000
6.1558e+09 1.00735e+10 4.81192e+10 8.65486e+10 1.16208e+11 1.65061e+11 2.84618e+11
4
7
50 100 300 500 700 1000 2000
6.22884e+09 1.05895e+10 4.76105e+10 8.57649e+10 1.15537e+11 1.63745e+11 2.82556e+11
6
7
50 100 300 500 700 1000 2000
6.15165e+09 9.33792e+09 4.84462e+10 8.7041e+10 1.17401e+11 1.65808e+11 2.84223e+11
16
7
50 100 300 500 700 1000 2000
4.22462e+09 9.09894e+09 4.13491e+10 7.36791e+10 1.00376e+11 1.38348e+11 2.40049e+11
18
7
50 100 300 500 700 1000 2000
3.75375e+09 9.48165e+09 4.17816e+10 7.17427e+10 9.81225e+10 1.3305e+11 2.25138e+11
20
7
50 100 300 500 700 1000 2000
3.79984e+09 9.10649e+09 4.16154e+10 7.37768e+10 1.00533e+11 1.38173e+11 2.40233e+11
22
7
50 100 300 500 700 1000 2000
3.82941e+09 9.54636e+09 4.15737e+10 7.17802e+10 9.80826e+10 1.3341e+11 2.25103e+11
