28
0
7
50 100 300 500 700 1000 2000
7.76101e+09 1.10589e+10 6.42511e+10 1.2258e+11 1.65128e+11 2.35595e+11 3.84645e+11
4
7
50 100 300 500 700 1000 2000
3.10034e+09 6.51266e+09 3.43351e+10 6.72325e+10 9.67656e+10 1.4378e+11 2.59165e+11
8
7
50 100 300 500 700 1000 2000
9.63089e+09 7.2933e+09 5.74331e+10 1.17122e+11 1.55145e+11 2.15307e+11 3.71822e+11
12
7
50 100 300 500 700 1000 2000
3.57381e+09 5.81584e+09 3.10545e+10 6.50402e+10 9.09073e+10 1.33156e+11 2.5379e+11
16
7
50 100 300 500 700 1000 2000
2.88822e+09 6.1494e+09 3.23849e+10 6.47566e+10 8.9181e+10 1.28224e+11 2.23363e+11
20
7
50 100 300 500 700 1000 2000
4.24678e+09 1.09955e+10 5.69579e+10 1.04718e+11 1.44395e+11 1.91295e+11 3.06836e+11
24
7
50 100 300 500 700 1000 2000
3.37232e+09 5.39935e+09 2.90762e+10 6.17458e+10 8.55769e+10 1.19288e+11 2.15429e+11
28
7
50 100 300 500 700 1000 2000
4.92028e+09 9.36521e+09 5.10987e+10 1.0029e+11 1.37391e+11 1.78051e+11 2.9955e+11
